id,name
1,1500
1,1642
1,1656
1,1367
1,1449
1,1467
1,1398
1,1368
1,1643
1,1639
2,1500
2,1467
2,1449
2,1398
2,1642
2,1639
2,1367
2,1080
2,1189
2,1450
3,1500
3,1449
3,1450
3,1398
3,867
3,1080
3,851
3,1463
3,1629
3,1646
4,1642
4,1463
4,1293
4,1500
4,868
4,1080
4,1612
4,1367
4,1368
4,1449
5,1080
5,1500
5,1367
5,1233
5,1449
5,1639
5,1158
5,1251
5,1467
5,1368
6,1500
6,1449
6,1642
6,1367
6,1398
6,1467
6,1064
6,1639
6,1368
6,114
7,1500
7,1467
7,1449
7,1367
7,1643
7,1398
7,1642
7,114
7,1368
7,1629
8,1500
8,1367
8,1398
8,1642
8,1449
8,1467
8,1396
8,1643
8,1368
8,1064
9,1500
9,1367
9,1293
9,1656
9,868
9,1449
9,1398
9,1368
9,1612
9,851
10,1500
10,1467
10,1642
10,1449
10,1643
10,1367
10,1191
10,1293
10,1398
10,1368
11,1293
11,1656
11,1612
11,1662
11,1500
11,1398
11,1467
11,1642
11,1449
11,1643
12,1642
12,1293
12,1500
12,1398
12,1368
12,1449
12,1643
12,1612
12,1080
12,1367
13,1500
13,1642
13,1449
13,1398
13,1467
13,1367
13,1064
13,1524
13,114
13,1639
14,1500
14,1642
14,1449
14,1643
14,1467
14,1367
14,1639
14,1368
14,1398
14,114
15,1500
15,1642
15,1449
15,1467
15,1463
15,1541
15,1293
15,1646
15,1612
15,1398
16,1500
16,1467
16,1367
16,1449
16,1643
16,1642
16,1398
16,1080
16,114
16,1639
17,1500
17,1293
17,868
17,1064
17,851
17,1449
17,1612
17,1467
17,1629
17,1499
18,1612
18,1293
18,1191
18,1175
18,1656
18,1243
18,1642
18,1390
18,1367
18,1500
19,1500
19,1642
19,1629
19,1158
19,1449
19,1639
19,1524
19,1125
19,1398
19,868
20,1191
20,1080
20,1500
20,1642
20,1449
20,1524
20,1398
20,1367
20,1467
20,1158
21,1500
21,1467
21,1449
21,868
21,1064
21,1524
21,1398
21,1306
21,1463
21,1367
22,1080
22,1467
22,1367
22,1398
22,1500
22,1449
22,1191
22,1642
22,1158
22,1639
23,1367
23,1642
23,1500
23,1449
23,1368
23,1080
23,1398
23,1158
23,1467
23,1612
24,1500
24,1656
24,1449
24,1398
24,1467
24,1293
24,1367
24,1643
24,1642
24,119
25,1293
25,1080
25,1500
25,1467
25,1367
25,1398
25,1233
25,1612
25,1191
25,1643
26,1500
26,1467
26,1449
26,1642
26,1293
26,1064
26,851
26,1463
26,1398
26,868
27,1500
27,1398
27,1449
27,1642
27,851
27,119
27,1080
27,1467
27,169
27,114
28,1500
28,1367
28,1293
28,1467
28,1642
28,1080
28,1463
28,1398
28,1449
28,868
29,1500
29,1642
29,1367
29,1450
29,1293
29,1342
29,1398
29,1080
29,1449
29,1612
30,1293
30,1642
30,1500
30,1367
30,1612
30,1449
30,1398
30,1064
30,1368
30,1158
31,1472
31,1642
31,1500
31,1367
31,1547
31,1449
31,1398
31,1368
31,1512
31,851
32,1500
32,1293
32,851
32,1449
32,1467
32,1080
32,1398
32,868
32,1646
32,1639
33,1500
33,868
33,1398
33,1449
33,1642
33,1080
33,1656
33,1629
33,851
33,641
34,1398
34,1396
34,1189
34,1367
34,1656
34,1342
34,851
34,1293
34,1612
34,1443
35,1639
35,1449
35,1189
35,1467
35,1500
35,1463
35,1305
35,1506
35,1524
35,1070
36,1500
36,851
36,1293
36,868
36,1158
36,1612
36,1191
36,867
36,1642
36,1301
37,1642
37,1500
37,1467
37,1449
37,1367
37,1398
37,1064
37,1293
37,1643
37,1524
38,1293
38,1612
38,1467
38,1642
38,1656
38,1646
38,1398
38,1463
38,1358
38,1639
39,1500
39,1541
39,868
39,1449
39,1629
39,1467
39,1064
39,1537
39,1524
39,1367
40,1500
40,1484
40,868
40,1449
40,851
40,1467
40,1064
40,1189
40,1396
40,1186
41,1500
41,1367
41,1449
41,1467
41,1642
41,1639
41,1398
41,1368
41,1191
41,1629
42,1293
42,1500
42,1463
42,1294
42,1643
42,1467
42,1367
42,1398
42,1449
42,1612
43,1500
43,1449
43,1642
43,1293
43,1463
43,1467
43,1064
43,1398
43,1080
43,1643
44,1500
44,1293
44,1080
44,1463
44,1449
44,1367
44,1612
44,1467
44,1643
44,1398
45,1500
45,1449
45,1467
45,1639
45,1064
45,1398
45,1080
45,1642
45,1643
45,1233
46,1656
46,851
46,1367
46,1293
46,1449
46,1642
46,1398
46,1500
46,1158
46,1466
47,851
47,1398
47,1064
47,1293
47,1639
47,1449
47,1189
47,1080
47,1396
47,1612
48,1500
48,1398
48,1367
48,1449
48,1467
48,1368
48,1642
48,1396
48,318
48,408
49,1367
49,1449
49,1293
49,868
49,1642
49,1158
49,1467
49,1368
49,1629
49,1524
50,1191
50,1293
50,1612
50,1080
50,1500
50,1629
50,1175
50,1367
50,643
50,320
51,1367
51,1500
51,1080
51,1389
51,296
51,1233
51,1643
51,1361
51,1293
51,1237
52,1449
52,1500
52,1398
52,1642
52,1064
52,1467
52,1158
52,851
52,1643
52,1639
53,1642
53,1463
53,1398
53,1500
53,1449
53,1467
53,1367
53,1639
53,1080
53,1064
54,1500
54,1467
54,1398
54,1642
54,851
54,1449
54,1639
54,1293
54,1080
54,1064
55,1642
55,1398
55,1367
55,1467
55,1064
55,1396
55,1500
55,1293
55,1612
55,1449
56,1500
56,1463
56,1293
56,1617
56,1398
56,1467
56,1449
56,1367
56,1607
56,1643
57,1463
57,1500
57,1642
57,1449
57,1398
57,1293
57,1612
57,1639
57,1467
57,119
58,1662
58,1500
58,1293
58,1642
58,1367
58,1449
58,1639
58,1467
58,1080
58,1368
59,1500
59,1642
59,1398
59,1643
59,1467
59,1449
59,1367
59,1639
59,1629
59,1293
60,1175
60,1390
60,1656
60,1367
60,1643
60,1642
60,1500
60,1467
60,1398
60,1449
61,1398
61,1639
61,1080
61,1500
61,1449
61,1467
61,1524
61,868
61,1535
61,1305
62,1500
62,1467
62,1449
62,1367
62,1398
62,1643
62,1064
62,1642
62,1629
62,119
63,1500
63,1293
63,1449
63,1612
63,1642
63,851
63,1080
63,1191
63,1398
63,868
64,1500
64,1449
64,1367
64,1467
64,1643
64,1398
64,1642
64,1064
64,114
64,1639
65,1500
65,1293
65,1463
65,1642
65,1643
65,1398
65,1449
65,1233
65,1639
65,483
66,1500
66,1463
66,1293
66,1639
66,1398
66,851
66,1449
66,1064
66,114
66,64
67,1500
67,1064
67,1467
67,851
67,1642
67,1449
67,1398
67,1237
67,1080
67,1144
68,1500
68,1463
68,1656
68,1602
68,1293
68,1064
68,1467
68,1449
68,1612
68,851
69,1500
69,1306
69,1642
69,1449
69,1467
69,1398
69,1367
69,1639
69,1064
69,1450
70,1080
70,1500
70,1367
70,1191
70,1398
70,1449
70,1293
70,1463
70,1643
70,1368
71,1642
71,1367
71,1467
71,1398
71,1639
71,1449
71,1500
71,1293
71,1368
71,1617
72,1500
72,1642
72,1367
72,1612
72,1398
72,1368
72,1467
72,1449
72,1643
72,1080
73,1500
73,1367
73,1449
73,1642
73,1064
73,1368
73,1467
73,1398
73,1524
73,483
74,1500
74,1064
74,1449
74,1293
74,1189
74,1398
74,1612
74,483
74,318
74,64
75,1293
75,1500
75,1467
75,1612
75,1646
75,1080
75,1449
75,851
75,1519
75,1398
76,1500
76,1642
76,1064
76,1398
76,1449
76,1367
76,1450
76,1639
76,1643
76,1368
77,1293
77,1612
77,1463
77,1662
77,1646
77,1243
77,1390
77,1500
77,1467
77,1449
78,1500
78,868
78,1467
78,1449
78,1541
78,1642
78,1191
78,1524
78,1594
78,861
79,1500
79,1449
79,1467
79,1064
79,1367
79,1573
79,1642
79,1512
79,868
79,1293
80,1500
80,1306
80,1467
80,1642
80,1367
80,1293
80,1449
80,1612
80,1080
80,1398
81,1639
81,1449
81,1467
81,1064
81,1398
81,1500
81,851
81,1643
81,1367
81,1080
82,1500
82,1642
82,1449
82,1398
82,1656
82,1639
82,1467
82,1643
82,1463
82,114
83,1500
83,1449
83,1398
83,1467
83,1367
83,1639
83,1642
83,119
83,1064
83,1524
84,1500
84,1463
84,1642
84,1646
84,1656
84,1175
84,1449
84,1467
84,1293
84,1398
85,1500
85,1449
85,1642
85,1467
85,1293
85,1398
85,1367
85,1368
85,1643
85,1639
86,1398
86,1500
86,851
86,1467
86,1080
86,1064
86,1629
86,868
86,1449
86,1656
87,1500
87,1449
87,1642
87,1467
87,1643
87,1367
87,1064
87,1398
87,1639
87,114
88,1367
88,851
88,1467
88,1500
88,1372
88,1125
88,1642
88,1158
88,867
88,1558
89,1293
89,1612
89,1191
89,1233
89,1500
89,1662
89,1467
89,1449
89,1431
89,1080
90,1500
90,1642
90,1449
90,1367
90,1398
90,1643
90,1639
90,1293
90,1064
90,1467
91,1367
91,1463
91,1080
91,1398
91,1500
91,1467
91,1293
91,1368
91,1656
91,1629
92,1500
92,1656
92,1463
92,1449
92,1398
92,1367
92,1642
92,1467
92,1293
92,1612
93,1467
93,1642
93,1144
93,1629
93,1080
93,1398
93,1639
93,1293
93,1464
93,1500
94,1642
94,1500
94,1449
94,1367
94,1398
94,1467
94,1368
94,1639
94,1158
94,1524
95,1293
95,1500
95,1656
95,1191
95,1612
95,1617
95,1467
95,1449
95,1642
95,1080
96,1500
96,1367
96,1233
96,1643
96,1398
96,1080
96,1642
96,1368
96,1389
96,1467
97,1643
97,1500
97,1367
97,1398
97,1467
97,1642
97,1639
97,1368
97,1237
97,1293
98,1463
98,1080
98,1191
98,1642
98,1643
98,1612
98,1293
98,1500
98,1398
98,1233
99,1500
99,1367
99,1064
99,1467
99,1398
99,1449
99,1463
99,1629
99,1639
99,114
100,1500
100,868
100,1064
100,1639
100,1449
100,1642
100,1189
100,119
100,1524
100,483
101,1500
101,851
101,1398
101,1449
101,1467
101,1293
101,1233
101,1612
101,1064
101,1639
102,1500
102,1642
102,1467
102,1367
102,1398
102,1449
102,1293
102,1064
102,1643
102,1639
103,1500
103,1293
103,1080
103,1467
103,1398
103,1642
103,1612
103,1463
103,1367
103,1368
104,1500
104,1639
104,1064
104,1449
104,1467
104,851
104,1398
104,1080
104,1450
104,114
105,1500
105,1064
105,868
105,1398
105,1449
105,1642
105,1396
105,1080
105,1639
105,851
106,1500
106,1293
106,1643
106,1449
106,1642
106,1639
106,1467
106,1398
106,1064
106,1629
107,1500
107,1642
107,1396
107,1541
107,1629
107,1293
107,851
107,1189
107,1080
107,119
108,1293
108,1175
108,1463
108,1500
108,1191
108,1642
108,1646
108,1573
108,1612
108,1449
109,1500
109,1293
109,1463
109,1449
109,1612
109,1643
109,1398
109,1607
109,1233
109,1064
110,1656
110,1449
110,1367
110,1500
110,1467
110,1080
110,1398
110,1368
110,1293
110,1642
111,1064
111,1500
111,1467
111,1305
111,1449
111,1629
111,1293
111,1080
111,1189
111,868
112,1500
112,1541
112,1398
112,1449
112,1639
112,1467
112,1064
112,868
112,119
112,1189
113,1500
113,1293
113,851
113,1612
113,1662
113,1463
113,1449
113,1646
113,1064
113,64
114,1293
114,1367
114,1612
114,1500
114,1237
114,1368
114,1643
114,1449
114,1391
114,1080
115,1500
115,1367
115,1642
115,1467
115,1368
115,1398
115,1643
115,1449
115,1080
115,1629
116,1500
116,1449
116,1467
116,1367
116,1398
116,1293
116,483
116,1541
116,114
116,318
117,1642
117,1449
117,1500
117,1656
117,1467
117,1463
117,1367
117,1398
117,1368
117,1524
118,1463
118,1293
118,1500
118,1367
118,1642
118,1467
118,1398
118,1449
118,1368
118,1643
119,1500
119,1449
119,1467
119,1642
119,1639
119,1080
119,1398
119,1293
119,1368
119,1612
120,1463
120,851
120,1342
120,1656
120,1293
120,1612
120,1642
120,1080
120,1449
120,1398
121,1500
121,1642
121,1449
121,1463
121,1293
121,1467
121,1080
121,1064
121,1368
121,1398
122,1500
122,1293
122,1612
122,1237
122,1642
122,1367
122,1643
122,1385
122,1431
122,1259
123,1191
123,1656
123,1293
123,1449
123,1500
123,1398
123,1367
123,1642
123,1512
123,1368
124,1642
124,1293
124,1612
124,1367
124,1449
124,1398
124,1368
124,1639
124,1080
124,1233
125,1500
125,1467
125,1191
125,1449
125,1398
125,1643
125,1064
125,1642
125,1639
125,114
126,1500
126,868
126,1629
126,1467
126,119
126,1449
126,1398
126,1541
126,1293
126,1189
127,1500
127,1629
127,1293
127,1547
127,1449
127,1418
127,1541
127,114
127,1550
127,169
128,1500
128,1467
128,1449
128,1642
128,1367
128,1643
128,1398
128,1639
128,1293
128,1368
129,1398
129,1064
129,1449
129,868
129,1642
129,701
129,867
129,1367
129,1125
129,1629
130,1500
130,1449
130,1398
130,1367
130,1467
130,1064
130,1463
130,1639
130,1368
130,114
131,1293
131,1191
131,1500
131,1449
131,1467
131,1612
131,1064
131,1656
131,1390
131,1642
132,1500
132,1449
132,1367
132,1612
132,1293
132,1643
132,1491
132,1450
132,1467
132,1175
133,1500
133,1398
133,1467
133,1629
133,868
133,119
133,1639
133,851
133,1293
133,867
134,1500
134,1467
134,1541
134,1639
134,1398
134,1450
134,1449
134,1629
134,64
134,119
135,1500
135,1642
135,1463
135,1367
135,1293
135,1398
135,1368
135,1449
135,1467
135,1643
136,1642
136,1500
136,1449
136,1367
136,1398
136,1643
136,1064
136,1467
136,1368
136,1629
137,1467
137,1449
137,1367
137,1500
137,1398
137,1524
137,1080
137,1064
137,1158
137,119
138,1467
138,1500
138,1643
138,1642
138,1449
138,1398
138,1233
138,1612
138,1431
138,1293
139,1500
139,1642
139,1449
139,1367
139,1064
139,1293
139,1541
139,1467
139,1189
139,1398
140,1500
140,1449
140,1642
140,1398
140,1639
140,1064
140,1629
140,1463
140,868
140,1293
141,1500
141,1398
141,1467
141,1642
141,119
141,626
141,64
141,1463
141,1449
141,169
142,1500
142,1642
142,1398
142,1367
142,1639
142,1358
142,868
142,1293
142,1449
142,1158
143,1500
143,1541
143,868
143,1418
143,1189
143,1293
143,1629
143,867
143,1080
143,1467
144,1500
144,1642
144,1449
144,1398
144,1467
144,1064
144,1643
144,483
144,114
144,1639
145,1500
145,1467
145,1449
145,1064
145,868
145,1293
145,1398
145,114
145,1367
145,169
146,1398
146,1467
146,119
146,1639
146,1189
146,1367
146,1642
146,1449
146,851
146,1443
147,1639
147,1293
147,1064
147,1367
147,1398
147,1449
147,1186
147,851
147,1368
147,1467
148,1467
148,1500
148,1398
148,1080
148,1646
148,1449
148,1367
148,1293
148,1431
148,1237
149,1064
149,1500
149,1449
149,119
149,1558
149,868
149,1398
149,1443
149,1642
149,1293
150,1191
150,1662
150,1293
150,1463
150,1612
150,1500
150,1449
150,1467
150,1367
150,1639
151,1642
151,1643
151,1449
151,1293
151,1500
151,1367
151,1398
151,1467
151,1368
151,1639
152,1500
152,1467
152,1332
152,1449
152,1398
152,1643
152,1642
152,1080
152,1367
152,114
153,1463
153,1293
153,1191
153,1080
153,1612
153,1398
153,1396
153,1367
153,1662
153,1449
154,1500
154,1398
154,1642
154,1449
154,1367
154,1467
154,1368
154,1524
154,1643
154,483
155,1500
155,868
155,1467
155,1396
155,1398
155,1629
155,1541
155,1656
155,1463
155,1064
156,1500
156,1642
156,1449
156,1643
156,1467
156,1064
156,1512
156,1367
156,1398
156,1368
157,1467
157,1304
157,1293
157,1449
157,851
157,1500
157,1080
157,1191
157,1064
157,1656
158,1500
158,1642
158,1398
158,1449
158,1080
158,1467
158,1367
158,1293
158,1064
158,1639
159,1467
159,1500
159,1398
159,1449
159,1080
159,1642
159,851
159,1612
159,1463
159,1639
160,1293
160,1500
160,1642
160,1612
160,1467
160,1449
160,1398
160,1233
160,1367
160,1064
161,1463
161,1293
161,1612
161,1294
161,1243
161,1367
161,1398
161,1656
161,1191
161,1642
162,1293
162,1398
162,1467
162,1233
162,1643
162,1449
162,1080
162,1500
162,1367
162,1639
163,1500
163,1398
163,1080
163,1449
163,1367
163,1463
163,1064
163,1467
163,1524
163,1368
164,1467
164,1080
164,1463
164,1293
164,1612
164,851
164,1398
164,1500
164,1639
164,1629
165,1642
165,1629
165,1080
165,1398
165,1449
165,1463
165,1367
165,1524
165,1500
165,1467
166,1500
166,1639
166,1189
166,868
166,1467
166,1463
166,1541
166,119
166,1418
166,1398
167,1500
167,1643
167,1398
167,1642
167,1449
167,1080
167,1537
167,1467
167,1450
167,1639
168,1656
168,1639
168,1191
168,1500
168,1467
168,1463
168,1080
168,1642
168,1449
168,1398
169,1080
169,1463
169,1367
169,1646
169,1293
169,1612
169,1500
169,1467
169,1368
169,1398
170,1500
170,1639
170,1449
170,1463
170,868
170,1512
170,701
170,1524
170,923
170,119
171,1398
171,1639
171,1449
171,119
171,1064
171,851
171,1500
171,1396
171,1189
171,1080
172,1607
172,1293
172,1612
172,1500
172,1233
172,1467
172,1643
172,1327
172,1321
172,1646
173,1500
173,1449
173,1293
173,1398
173,1064
173,1189
173,851
173,1612
173,1642
173,867
174,1642
174,1500
174,1449
174,1080
174,1293
174,1398
174,1639
174,1368
174,1524
174,1612
175,1642
175,1389
175,1612
175,1293
175,1237
175,1449
175,1367
175,1643
175,1467
175,1368
176,1467
176,1500
176,1449
176,1398
176,1367
176,1189
176,1629
176,1642
176,851
176,1293
177,1500
177,1367
177,1449
177,1642
177,1064
177,1398
177,1639
177,1467
177,1368
177,1524
178,1500
178,1449
178,1398
178,1467
178,1639
178,1642
178,1367
178,114
178,169
178,1080
179,1500
179,1541
179,1064
179,1467
179,868
179,1398
179,1158
179,1410
179,1396
179,1367
180,1463
180,1646
180,1398
180,1293
180,1449
180,1080
180,1367
180,1643
180,1500
180,1233
181,1500
181,1467
181,1064
181,1449
181,1450
181,851
181,1398
181,64
181,318
181,114
182,1500
182,1398
182,1306
182,1431
182,1612
182,1293
182,1449
182,1643
182,1607
182,1467
183,1642
183,1449
183,1398
183,1463
183,1367
183,1629
183,1064
183,1080
183,1524
183,1500
184,1500
184,1642
184,1293
184,1449
184,1367
184,1368
184,1643
184,1080
184,1646
184,1612
185,1293
185,1643
185,1500
185,1449
185,1080
185,1629
185,1642
185,1191
185,1398
185,1367
186,1449
186,1467
186,119
186,1064
186,1398
186,1500
186,1397
186,1573
186,114
186,1396
187,1463
187,1500
187,1643
187,1642
187,1467
187,1367
187,1321
187,1449
187,1398
187,1175
188,1293
188,1367
188,1398
188,1642
188,1449
188,1500
188,1080
188,1467
188,1643
188,1612
189,1500
189,1642
189,1449
189,1643
189,1398
189,1367
189,1467
189,1368
189,1064
189,1639
190,1500
190,1467
190,851
190,1449
190,868
190,1398
190,1064
190,1639
190,1642
190,1080
191,1547
191,1450
191,1500
191,1551
191,868
191,1064
191,1449
191,1639
191,1467
191,1573
192,1500
192,1293
192,1064
192,1467
192,1191
192,1612
192,1449
192,1080
192,1642
192,1398
193,1398
193,1642
193,1467
193,1449
193,1367
193,1639
193,1080
193,1524
193,1396
193,114
194,1500
194,1293
194,1367
194,1467
194,1642
194,1449
194,1612
194,1643
194,1398
194,1368
195,1500
195,1656
195,1467
195,1293
195,1449
195,1463
195,1398
195,1642
195,1368
195,1064
196,1467
196,1191
196,1500
196,1398
196,1449
196,1642
196,1367
196,1639
196,1293
196,1643
197,1500
197,1367
197,1449
197,1398
197,1639
197,1064
197,1541
197,1642
197,1467
197,1629
198,1500
198,1449
198,1398
198,1642
198,1367
198,1467
198,1064
198,1639
198,1643
198,1368
199,1656
199,1642
199,1449
199,1293
199,851
199,1646
199,868
199,1398
199,1467
199,1125
200,1500
200,1449
200,1467
200,1398
200,1293
200,1463
200,1367
200,1643
200,1064
200,114
201,1500
201,1449
201,1367
201,1293
201,1467
201,1612
201,1368
201,1642
201,1643
201,1064
202,1500
202,1293
202,1629
202,1612
202,1449
202,1158
202,1472
202,851
202,1643
202,1321
203,1500
203,1662
203,1449
203,1642
203,1639
203,1463
203,1467
203,119
203,1612
203,1293
204,1500
204,1449
204,1642
204,1639
204,1524
204,1367
204,868
204,851
204,1189
204,1463
205,1500
205,1541
205,1639
205,1293
205,868
205,1463
205,1189
205,1398
205,1449
205,867
206,1500
206,868
206,1398
206,1467
206,1629
206,1293
206,1449
206,1612
206,119
206,1542
207,1500
207,1293
207,1449
207,1463
207,1398
207,1642
207,1467
207,1064
207,1643
207,1639
208,1643
208,1367
208,1467
208,1642
208,1449
208,1064
208,1639
208,1629
208,483
208,1398
209,1500
209,1639
209,1467
209,1080
209,1398
209,1449
209,1450
209,1064
209,1642
209,1367
210,1500
210,1367
210,1398
210,1642
210,1643
210,1449
210,1467
210,1368
210,1639
210,1293
211,1080
211,1449
211,1656
211,1293
211,1524
211,1512
211,169
211,1398
211,851
211,1064
212,1612
212,1293
212,1357
212,1449
212,1398
212,1500
212,1642
212,1327
212,1429
212,1191
213,1500
213,1642
213,1467
213,1449
213,1367
213,1398
213,1064
213,1368
213,114
213,1080
214,1500
214,1191
214,1367
214,1449
214,1467
214,1642
214,1398
214,1368
214,1293
214,1064
215,1500
215,1367
215,1449
215,1467
215,1643
215,1368
215,1064
215,1398
215,1642
215,114
216,1500
216,1293
216,1642
216,1367
216,1449
216,1191
216,1467
216,1398
216,1080
216,1368
217,1398
217,1467
217,1449
217,1367
217,1500
217,1643
217,1463
217,1524
217,1396
217,119
218,1367
218,1642
218,1500
218,1398
218,1368
218,1449
218,1467
218,1639
218,1629
218,1643
219,868
219,1449
219,1639
219,1155
219,1368
219,1158
219,1463
219,1500
219,1191
219,1541
220,1500
220,868
220,1064
220,1293
220,1449
220,1656
220,1629
220,1191
220,1639
220,1189
221,1500
221,1367
221,1467
221,1642
221,1449
221,1662
221,1368
221,1398
221,1639
221,1158
222,1500
222,1293
222,1467
222,1449
222,1367
222,1398
222,1612
222,1064
222,1639
222,1643
223,1500
223,1467
223,1449
223,119
223,1398
223,1293
223,1463
223,114
223,1524
223,169
224,1500
224,1463
224,868
224,1293
224,1398
224,1449
224,1656
224,1497
224,1467
224,1064
225,1500
225,1367
225,1361
225,1398
225,1643
225,1642
225,1449
225,1467
225,408
225,113
226,1293
226,1463
226,1612
226,1643
226,1175
226,1398
226,1367
226,1191
226,1629
226,1233
227,1500
227,1642
227,1191
227,1064
227,1449
227,1080
227,1463
227,1398
227,851
227,1293
228,1656
228,1293
228,1612
228,1358
228,1500
228,1080
228,1662
228,1463
228,1449
228,1064
229,1500
229,1541
229,1467
229,868
229,1342
229,1642
229,1629
229,1367
229,701
229,1396
230,1463
230,1500
230,1175
230,1642
230,1294
230,1643
230,1233
230,1367
230,1467
230,1398
231,1500
231,1642
231,1080
231,851
231,1463
231,1524
231,1639
231,1449
231,1158
231,1398
232,1500
232,1449
232,1642
232,1367
232,1467
232,1639
232,1398
232,1524
232,1293
232,1080
233,1500
233,1293
233,1642
233,1398
233,1367
233,1449
233,1643
233,1467
233,1368
233,1612
234,1642
234,1500
234,1367
234,1293
234,1398
234,1639
234,1467
234,1656
234,1368
234,114
235,1643
235,1500
235,1642
235,1449
235,1368
235,1367
235,1293
235,1398
235,1064
235,1467
236,1293
236,1656
236,1175
236,1612
236,1642
236,1398
236,1191
236,1463
236,1367
236,1662
237,1500
237,1642
237,1643
237,1467
237,1368
237,1367
237,1449
237,1398
237,1189
237,114
238,1656
238,1342
238,1500
238,1398
238,851
238,1293
238,1080
238,1332
238,1642
238,1158
239,1642
239,1367
239,1398
239,1449
239,1500
239,1368
239,1643
239,1639
239,1321
239,1524
240,1500
240,868
240,1642
240,1064
240,1367
240,1342
240,1629
240,1398
240,1631
240,1396
241,1500
241,1367
241,1398
241,1642
241,1639
241,119
241,868
241,1449
241,1396
241,1293
242,1500
242,851
242,1293
242,1639
242,1612
242,1449
242,643
242,1592
242,1189
242,626
243,1500
243,1293
243,1612
243,1175
243,1449
243,1642
243,1643
243,1398
243,1064
243,1467
244,1293
244,1500
244,1662
244,1398
244,1463
244,1449
244,1367
244,1612
244,1642
244,1646
245,1463
245,1080
245,1623
245,1449
245,1293
245,1233
245,1398
245,1643
245,1191
245,1524
246,1293
246,1612
246,1642
246,1367
246,1449
246,1500
246,868
246,1398
246,1158
246,1639
247,1642
247,1064
247,1398
247,1500
247,1449
247,1639
247,1467
247,1080
247,1367
247,119
248,1293
248,1612
248,1467
248,1367
248,1463
248,1398
248,1191
248,1449
248,1642
248,1500
249,1449
249,1642
249,1467
249,1367
249,1398
249,1500
249,1368
249,1064
249,1293
249,1158
250,1398
250,1642
250,1449
250,1467
250,1500
250,1367
250,1656
250,1639
250,1293
250,114
251,1500
251,1656
251,1467
251,1398
251,1449
251,1642
251,1639
251,1293
251,1463
251,1064
252,1293
252,1612
252,1064
252,1449
252,1463
252,1175
252,1656
252,1554
252,643
252,1500
253,1500
253,1080
253,1642
253,1449
253,1398
253,1367
253,1467
253,1643
253,1639
253,114
254,1500
254,1398
254,1080
254,1639
254,1367
254,1642
254,1643
254,1467
254,1449
254,1293
255,1500
255,1467
255,1463
255,868
255,1398
255,1449
255,1293
255,1367
255,1396
255,114
256,1463
256,1612
256,1642
256,1467
256,1449
256,1500
256,1398
256,1293
256,1367
256,1233
257,1500
257,1449
257,1064
257,1467
257,1293
257,1642
257,851
257,1080
257,1398
257,868
258,868
258,1642
258,1500
258,1342
258,1449
258,1639
258,1398
258,1189
258,867
258,1467
259,1500
259,1449
259,1467
259,1398
259,1293
259,1367
259,1642
259,868
259,1639
259,1080
260,1500
260,1449
260,1080
260,1656
260,1642
260,1467
260,851
260,1463
260,1512
260,868
261,868
261,1500
261,1467
261,1080
261,1293
261,1639
261,851
261,1642
261,1449
261,1612
262,1642
262,1449
262,1398
262,1500
262,1639
262,1467
262,1367
262,1064
262,1524
262,1368
263,1500
263,1467
263,1642
263,1367
263,1449
263,1398
263,1080
263,1368
263,1639
263,1524
264,1500
264,1642
264,1467
264,1293
264,1449
264,1367
264,1643
264,1398
264,1639
264,1450
265,1463
265,1293
265,1500
265,1398
265,1467
265,1612
265,1449
265,626
265,1233
265,1191
266,1500
266,1080
266,1449
266,1642
266,1064
266,1656
266,1467
266,1639
266,1398
266,483
267,1293
267,1500
267,1367
267,1642
267,1449
267,1467
267,1398
267,1368
267,1064
267,1643
268,1500
268,1293
268,1642
268,1662
268,1367
268,1449
268,1612
268,1467
268,1656
268,1639
269,1367
269,1642
269,1449
269,1368
269,1398
269,1646
269,1158
269,1500
269,1639
269,1524
270,1500
270,1367
270,1449
270,1642
270,868
270,1293
270,1467
270,1398
270,1656
270,1368
271,1500
271,1467
271,1398
271,1642
271,1367
271,1449
271,1643
271,1368
271,1639
271,114
272,1367
272,1500
272,1398
272,1642
272,1643
272,1449
272,1368
272,1467
272,1524
272,1639
273,1396
273,1629
273,1500
273,1467
273,1367
273,1189
273,1080
273,1449
273,119
273,867
274,1500
274,1191
274,1467
274,1449
274,1642
274,1293
274,1463
274,1398
274,1080
274,1639
275,1500
275,1463
275,1293
275,1080
275,1467
275,1398
275,1449
275,1642
275,1368
275,1367
276,1500
276,1449
276,1367
276,1467
276,1398
276,868
276,1642
276,1064
276,1293
276,1639
277,1293
277,1191
277,1449
277,851
277,626
277,1642
277,1612
277,1080
277,1467
277,1617
278,1500
278,1467
278,1398
278,1342
278,868
278,1642
278,1450
278,1629
278,1449
278,1639
279,1293
279,1191
279,1612
279,1367
279,1449
279,1467
279,1642
279,1368
279,483
279,1398
280,1367
280,1449
280,1467
280,1642
280,1293
280,1463
280,1643
280,1612
280,1398
280,1524
281,1500
281,868
281,1449
281,1535
281,1463
281,1639
281,1642
281,1467
281,701
281,1524
282,1500
282,1558
282,1449
282,1064
282,868
282,1398
282,1512
282,119
282,1541
282,1080
283,1500
283,1449
283,1642
283,1467
283,1639
283,1367
283,1064
283,1398
283,1643
283,114
284,1398
284,1396
284,1449
284,1293
284,1467
284,1500
284,119
284,1367
284,1639
284,851
285,1500
285,1293
285,1449
285,1367
285,1612
285,1191
285,114
285,408
285,169
285,1642
286,1612
286,1293
286,1642
286,1500
286,1463
286,1449
286,1175
286,1639
286,1646
286,1656
287,1500
287,1449
287,1398
287,1467
287,1293
287,1639
287,1367
287,119
287,1629
287,1080
288,1500
288,1367
288,1293
288,1656
288,1398
288,1642
288,1467
288,1449
288,1463
288,1080
289,1550
289,1064
289,1611
289,1467
289,1500
289,1293
289,1612
289,851
289,1237
289,1639
290,1080
290,1612
290,1500
290,1467
290,1398
290,1293
290,1367
290,1642
290,1368
290,1629
291,1500
291,1463
291,1467
291,1449
291,1293
291,1662
291,1642
291,1398
291,1367
291,1294
292,1500
292,1642
292,1467
292,1449
292,1398
292,1367
292,1368
292,851
292,114
292,1629
293,1500
293,1449
293,1642
293,1467
293,1398
293,1367
293,1064
293,1368
293,868
293,1639
294,1500
294,1449
294,1467
294,868
294,1642
294,1398
294,1293
294,1064
294,1639
294,851
295,1080
295,1642
295,1449
295,1367
295,1398
295,1233
295,1646
295,1500
295,1643
295,1368
296,1500
296,1293
296,1398
296,1612
296,1449
296,1467
296,1642
296,1656
296,1639
296,1643
297,1367
297,1642
297,1398
297,1293
297,1467
297,1500
297,1449
297,1368
297,1612
297,1080
298,1293
298,1612
298,1500
298,1467
298,1080
298,1642
298,1643
298,1449
298,1398
298,1367
299,1500
299,1642
299,1449
299,1367
299,1398
299,1467
299,1293
299,1639
299,1368
299,1191
300,1463
300,1500
300,1293
300,1368
300,1449
300,1524
300,1175
300,1591
300,114
300,272
301,1500
301,1293
301,1367
301,1656
301,1449
301,1398
301,1467
301,1463
301,1643
301,1612
302,1398
302,1467
302,1463
302,1497
302,1500
302,1631
302,1629
302,119
302,1418
302,1189
303,1500
303,1449
303,1398
303,1467
303,1642
303,1367
303,1064
303,1639
303,868
303,1524
304,1500
304,1467
304,1639
304,868
304,1463
304,1080
304,1450
304,1629
304,1189
304,1449
305,1642
305,1367
305,1398
305,1449
305,1500
305,1368
305,1639
305,1467
305,1293
305,1643
306,1467
306,1642
306,1449
306,1189
306,1293
306,1643
306,1594
306,1064
306,1191
306,1131
307,1293
307,1367
307,1642
307,1449
307,1398
307,1467
307,1368
307,1612
307,1080
307,1643
308,1500
308,1367
308,1293
308,1467
308,1449
308,1398
308,1642
308,1643
308,1368
308,1191
309,1398
309,1629
309,1064
309,1488
309,1467
309,1500
309,1396
309,1489
309,1293
309,119
310,1642
310,1449
310,1367
310,1398
310,1639
310,1368
310,1158
310,1500
310,1080
310,1499
311,1500
311,1656
311,1643
311,1449
311,1367
311,1463
311,1293
311,1398
311,1642
311,1467
312,1293
312,1612
312,1500
312,1191
312,1642
312,1643
312,1398
312,1449
312,1080
312,1368
313,1463
313,1500
313,1367
313,1643
313,1642
313,1449
313,1398
313,1080
313,1467
313,1639
314,1463
314,1500
314,1293
314,1612
314,1642
314,1643
314,1467
314,1449
314,1662
314,1233
315,1500
315,1367
315,1642
315,1467
315,1398
315,1368
315,1293
315,1080
315,1449
315,1656
316,1293
316,1612
316,1656
316,1646
316,1642
316,1080
316,1449
316,1368
316,1602
316,1500
317,1500
317,868
317,1642
317,1541
317,701
317,1449
317,1367
317,1463
317,1639
317,851
318,1293
318,1500
318,1467
318,1449
318,1643
318,1642
318,1612
318,1367
318,1064
318,1080
319,1642
319,1360
319,1500
319,1449
319,1293
319,1186
319,867
319,1639
319,851
319,641
320,1500
320,1449
320,868
320,1467
320,1642
320,1367
320,1064
320,1080
320,119
320,114
321,1612
321,1293
321,1175
321,1191
321,1643
321,1500
321,1642
321,1449
321,1431
321,1430
322,1500
322,1642
322,1367
322,1449
322,1398
322,1368
322,1064
322,1467
322,114
322,1656
323,1500
323,1398
323,1449
323,1467
323,1642
323,1396
323,1064
323,1367
323,114
323,1639
324,1500
324,1463
324,1293
324,1449
324,1064
324,1656
324,64
324,318
324,483
324,1080
325,1449
325,1642
325,1367
325,1643
325,1368
325,1398
325,1500
325,1524
325,1064
325,1639
326,1191
326,1612
326,1293
326,1643
326,1500
326,1237
326,1080
326,1449
326,1367
326,1642
327,1500
327,1449
327,1642
327,1467
327,1367
327,1398
327,1064
327,1368
327,1639
327,1524
328,1467
328,1500
328,1398
328,1642
328,1449
328,1367
328,1463
328,1080
328,1643
328,1175
329,1500
329,1642
329,1467
329,1398
329,1449
329,1368
329,1367
329,1080
329,1463
329,1656
330,1612
330,1293
330,1175
330,1367
330,1080
330,1642
330,1398
330,1449
330,1500
330,1643
331,1293
331,1500
331,1612
331,1617
331,1367
331,1391
331,1191
331,1642
331,1237
331,1398
332,1500
332,1463
332,1449
332,1293
332,1398
332,1467
332,1064
332,1367
332,1642
332,119
333,1617
333,1642
333,1500
333,1191
333,1293
333,1467
333,1449
333,1639
333,1368
333,1367
334,1500
334,1449
334,1367
334,1642
334,1467
334,1398
334,1368
334,1293
334,1643
334,1080
335,1500
335,1639
335,1541
335,1189
335,1449
335,868
335,1467
335,1463
335,1293
335,1642
336,1500
336,1449
336,1293
336,1463
336,1467
336,1367
336,1158
336,1643
336,1646
336,1642
337,1080
337,1642
337,1191
337,1449
337,1524
337,1512
337,1467
337,114
337,169
337,1306
338,1293
338,1642
338,1398
338,1367
338,1646
338,1643
338,1368
338,1080
338,1449
338,1612
339,1642
339,1367
339,1449
339,1500
339,1368
339,1398
339,1467
339,1293
339,1639
339,1064
340,1642
340,1398
340,1643
340,1658
340,1368
340,1233
340,1467
340,1158
340,1500
340,1449
341,1449
341,1500
341,1080
341,1642
341,868
341,1367
341,1189
341,1541
341,1629
341,1466
342,1500
342,1293
342,1612
342,1449
342,1463
342,1367
342,868
342,1642
342,1467
342,1064
343,1500
343,1642
343,1449
343,1398
343,1367
343,1368
343,1643
343,1064
343,1467
343,1080
344,1500
344,1642
344,1449
344,1367
344,1398
344,1467
344,1639
344,1064
344,1629
344,1293
345,1500
345,1642
345,1449
345,1398
345,1367
345,1467
345,1639
345,1064
345,1368
345,1524
346,1500
346,1449
346,1191
346,1642
346,1367
346,1467
346,1398
346,1293
346,119
346,1064
347,1500
347,1467
347,1449
347,1612
347,1639
347,1398
347,1463
347,1367
347,1293
347,1064
348,1500
348,1642
348,1293
348,1467
348,1612
348,1656
348,1294
348,1449
348,1080
348,1646
349,1500
349,1449
349,1642
349,1558
349,1467
349,868
349,1512
349,1398
349,1623
349,1080
350,1332
350,1500
350,1368
350,1342
350,1656
350,1642
350,1367
350,1398
350,1449
350,1293
351,1629
351,868
351,1064
351,1639
351,1080
351,1189
351,867
351,1449
351,1500
351,1342
352,1367
352,1500
352,1643
352,1368
352,1467
352,1191
352,1642
352,1449
352,1398
352,1396
353,1642
353,1398
353,1064
353,868
353,1342
353,119
353,1449
353,1467
353,1500
353,1639
354,1500
354,1642
354,1359
354,1334
354,1449
354,1612
354,1367
354,1368
354,1080
354,1656
355,1500
355,1398
355,1064
355,1396
355,1541
355,1367
355,868
355,701
355,1449
355,1293
356,1398
356,1629
356,1500
356,1541
356,1189
356,851
356,1158
356,119
356,1467
356,868
357,1500
357,1617
357,1449
357,851
357,1639
357,1642
357,1398
357,1467
357,1463
357,1293
358,1293
358,1612
358,1642
358,1463
358,1398
358,1367
358,1306
358,1449
358,1158
358,1191
359,1500
359,1398
359,1642
359,1064
359,1449
359,851
359,1293
359,1467
359,1080
359,1191
360,1642
360,1500
360,1398
360,1367
360,1449
360,1368
360,1467
360,1080
360,1158
360,1643
361,1500
361,1191
361,1642
361,1449
361,1367
361,1398
361,1064
361,1656
361,1467
361,1293
362,1500
362,1639
362,1189
362,1642
362,1158
362,868
362,1449
362,1594
362,1623
362,1506
363,1500
363,1367
363,1467
363,1642
363,1368
363,1449
363,1643
363,1398
363,1293
363,1080
364,1500
364,1064
364,868
364,1293
364,1443
364,1449
364,483
364,64
364,318
364,1158
365,1500
365,1293
365,1612
365,1449
365,1537
365,1463
365,1191
365,1467
365,1639
365,1642
366,1500
366,1642
366,868
366,1398
366,1449
366,1367
366,114
366,1467
366,1396
366,1524
367,1500
367,868
367,1367
367,1449
367,1398
367,1306
367,1467
367,1642
367,114
367,1064
368,1656
368,1191
368,1642
368,1500
368,868
368,1367
368,1467
368,1449
368,1293
368,1368
369,1500
369,1519
369,1398
369,1449
369,1332
369,1358
369,1367
369,1191
369,1642
369,1293
370,1293
370,1191
370,1642
370,1368
370,1367
370,1398
370,1449
370,1500
370,1467
370,1345
371,1642
371,1398
371,1500
371,1449
371,1467
371,1367
371,1643
371,1431
371,1612
371,1293
372,1293
372,1612
372,1463
372,1367
372,1306
372,868
372,1467
372,1656
372,1500
372,1449
373,1293
373,1612
373,1617
373,1467
373,1367
373,1642
373,1500
373,1449
373,1643
373,1398
374,1191
374,1500
374,1463
374,1398
374,1293
374,1449
374,1642
374,1467
374,1612
374,1233
375,1500
375,1367
375,1467
375,1642
375,1191
375,1449
375,1398
375,1293
375,868
375,1643
376,1642
376,1293
376,1656
376,1500
376,1367
376,1449
376,1639
376,1612
376,1643
376,408
377,1500
377,1656
377,1642
377,1449
377,1293
377,1064
377,1367
377,1398
377,868
377,114
378,1500
378,1398
378,1449
378,1367
378,1293
378,1642
378,1467
378,1656
378,1639
378,1643
379,1367
379,1500
379,1642
379,1398
379,1449
379,1467
379,1643
379,1368
379,1639
379,1064
380,1367
380,1642
380,1191
380,1398
380,1293
380,1643
380,1368
380,1500
380,1656
380,1467
381,1500
381,1642
381,1449
381,1367
381,1643
381,1398
381,1639
381,1467
381,868
381,1080
382,1519
382,1304
382,1500
382,1449
382,1080
382,1467
382,1642
382,1367
382,483
382,114
383,1500
383,1449
383,1642
383,1611
383,1368
383,1367
383,1643
383,1467
383,1398
383,318
384,1398
384,1639
384,1064
384,868
384,1629
384,1449
384,656
384,867
384,513
384,1189
385,1293
385,1642
385,1368
385,1398
385,1334
385,1359
385,1612
385,1643
385,1639
385,1467
386,1294
386,1191
386,1467
386,851
386,1398
386,1449
386,1293
386,1243
386,1175
386,1573
387,1500
387,1367
387,1449
387,1467
387,1398
387,1368
387,1629
387,1080
387,1642
387,1158
388,868
388,1500
388,1293
388,1467
388,1612
388,1398
388,1449
388,1306
388,114
388,1642
389,1500
389,1642
389,1367
389,1449
389,1398
389,1293
389,1368
389,1080
389,1467
389,1639
390,1398
390,1639
390,1500
390,1449
390,1175
390,851
390,1293
390,1158
390,1467
390,1064
391,1500
391,1642
391,1367
391,1467
391,1449
391,1398
391,1463
391,1368
391,1293
391,1656
392,1500
392,1642
392,1467
392,1449
392,1639
392,868
392,1368
392,1293
392,1398
392,1064
393,1500
393,1293
393,1463
393,1449
393,1367
393,1467
393,1612
393,1080
393,1643
393,1656
394,1500
394,1367
394,1449
394,1398
394,1293
394,1642
394,1467
394,1656
394,1643
394,1191
395,1500
395,1449
395,1639
395,1642
395,1398
395,1080
395,1367
395,1064
395,1467
395,1524
396,1463
396,1467
396,1449
396,1398
396,1005
396,1466
396,169
396,119
396,1639
396,114
397,1500
397,1367
397,1642
397,1449
397,1467
397,1398
397,1064
397,1639
397,114
397,169
398,1500
398,1467
398,1643
398,1367
398,1431
398,1642
398,1398
398,1449
398,1639
398,1368
399,1293
399,1449
399,1467
399,1367
399,1398
399,1612
399,1500
399,1642
399,1191
399,1639
400,1500
400,1398
400,868
400,1080
400,1449
400,851
400,1293
400,1541
400,1158
400,1642
401,1500
401,1642
401,1080
401,1449
401,1639
401,1398
401,1629
401,1293
401,1367
401,1368
402,1463
402,1500
402,1656
402,1398
402,1449
402,1064
402,1642
402,1643
402,1639
402,1233
403,1500
403,1080
403,1398
403,851
403,1449
403,1463
403,1064
403,1467
403,1293
403,1629
404,1500
404,1467
404,1398
404,1629
404,868
404,1639
404,119
404,1642
404,867
404,1064
405,1500
405,1643
405,1293
405,1321
405,1332
405,1362
405,1323
405,1467
405,1237
405,1398
406,1500
406,1293
406,1643
406,1367
406,1467
406,1463
406,1642
406,1449
406,1175
406,1398
407,1500
407,1367
407,1642
407,1398
407,1467
407,1449
407,1080
407,1643
407,1368
407,114
408,1500
408,868
408,1541
408,1629
408,1293
408,1064
408,1467
408,1449
408,1642
408,867
409,1500
409,1367
409,1642
409,1467
409,1398
409,1368
409,1643
409,1639
409,169
409,408
410,868
410,1467
410,1321
410,1500
410,1064
410,1342
410,119
410,1629
410,1449
410,1189
411,1463
411,1500
411,1080
411,1642
411,1367
411,1643
411,1449
411,1398
411,1467
411,1233
412,1500
412,1191
412,1642
412,1643
412,1080
412,1467
412,1367
412,1449
412,1358
412,1342
413,1500
413,1064
413,1449
413,1642
413,1573
413,1398
413,851
413,1639
413,1467
413,1367
414,1500
414,1467
414,1639
414,1629
414,1450
414,1449
414,1398
414,119
414,868
414,1293
415,1500
415,1617
415,1080
415,1398
415,1293
415,1463
415,1367
415,1467
415,1368
415,1612
416,1500
416,1449
416,1642
416,1467
416,1398
416,1367
416,1064
416,114
416,1639
416,1643
417,1500
417,1467
417,1642
417,1449
417,1398
417,1367
417,1293
417,114
417,1368
417,1064
418,1500
418,1541
418,1398
418,1367
418,1629
418,1467
418,1064
418,119
418,1158
418,868
419,1500
419,1293
419,1080
419,1367
419,1449
419,1368
419,1612
419,1398
419,1642
419,1467
420,1500
420,1642
420,1449
420,1467
420,1367
420,851
420,1191
420,1398
420,1639
420,868
421,1367
421,1467
421,1500
421,1643
421,1191
421,1642
421,1449
421,1398
421,1368
421,1607
422,1500
422,1449
422,1467
422,868
422,1367
422,851
422,1398
422,1064
422,1293
422,1524
423,1500
423,1467
423,1398
423,1449
423,851
423,1639
423,1642
423,1396
423,1541
423,701
424,1500
424,1642
424,1293
424,1064
424,1080
424,1449
424,1189
424,1524
424,868
424,1158
425,1500
425,1367
425,1449
425,1467
425,1293
425,1080
425,1398
425,868
425,1368
425,114
426,1642
426,1293
426,1612
426,1368
426,1367
426,1398
426,1449
426,1643
426,1500
426,1524
427,1541
427,1398
427,119
427,1189
427,1639
427,1293
427,1449
427,1367
427,641
427,853
428,1500
428,868
428,119
428,1639
428,1449
428,1189
428,1293
428,867
428,483
428,318
429,1500
429,1642
429,1367
429,1449
429,1398
429,1467
429,1293
429,1643
429,1368
429,1463
430,1500
430,1293
430,1449
430,1642
430,1398
430,1467
430,1367
430,1064
430,1612
430,868
431,1500
431,1064
431,1398
431,1484
431,119
431,868
431,1305
431,1488
431,1467
431,1443
432,1500
432,1463
432,1293
432,1467
432,1449
432,1398
432,1639
432,851
432,1642
432,64
433,1367
433,1642
433,1449
433,1629
433,1396
433,1398
433,868
433,1293
433,1541
433,1064
434,1500
434,1463
434,1449
434,1537
434,1643
434,1293
434,64
434,114
434,169
434,1233
435,1662
435,1500
435,1080
435,1367
435,1463
435,1449
435,1467
435,1642
435,1398
435,1643
436,1191
436,1500
436,1293
436,1449
436,1367
436,1398
436,1467
436,1368
436,1524
436,1612
437,1642
437,1500
437,1367
437,1449
437,1368
437,1643
437,1398
437,1293
437,1639
437,1064
438,1612
438,1080
438,1642
438,1398
438,1293
438,1639
438,1643
438,1449
438,1500
438,1467
439,1449
439,851
439,1450
439,1398
439,1639
439,1642
439,114
439,1293
439,1463
439,1467
440,1467
440,1642
440,1367
440,1450
440,1449
440,1080
440,867
440,119
440,1639
440,1519
441,1500
441,1467
441,1293
441,1449
441,1398
441,1639
441,868
441,1191
441,1080
441,169
442,1500
442,1367
442,1449
442,1467
442,1643
442,1398
442,1293
442,1639
442,868
442,1064
443,1500
443,1450
443,1080
443,1342
443,1293
443,1642
443,1064
443,1449
443,1158
443,1398
444,1500
444,1467
444,1080
444,1449
444,1450
444,1642
444,119
444,867
444,1639
444,1398
445,1500
445,1449
445,1467
445,1639
445,851
445,1450
445,1064
445,1398
445,483
445,1646
446,1500
446,1449
446,1629
446,1293
446,119
446,1612
446,868
446,1189
446,1367
446,1443
447,1500
447,1080
447,1463
447,1467
447,1398
447,1449
447,1642
447,1064
447,1639
447,1643
448,1629
448,1639
448,1642
448,1656
448,1398
448,1524
448,1449
448,851
448,868
448,1064
449,1500
449,1642
449,1064
449,1449
449,851
449,868
449,1547
449,1398
449,1639
449,1656
450,1500
450,1367
450,1642
450,1449
450,1467
450,1398
450,1643
450,1368
450,1639
450,408
451,1500
451,1484
451,1189
451,64
451,641
451,318
451,1542
451,114
451,1293
451,50
452,1500
452,1467
452,1293
452,1656
452,1642
452,1398
452,1080
452,1643
452,1449
452,1607
453,1500
453,1367
453,1398
453,1643
453,1467
453,1449
453,1293
453,1080
453,1368
453,1463
454,1500
454,1293
454,1612
454,1463
454,1467
454,1080
454,1367
454,1398
454,1642
454,1368
455,1500
455,1449
455,1293
455,1398
455,1064
455,1467
455,1367
455,1642
455,1080
455,1656
456,1293
456,1612
456,1617
456,1367
456,1642
456,1500
456,1449
456,1368
456,1463
456,1467
457,1500
457,1449
457,1467
457,1398
457,1367
457,1643
457,1642
457,1639
457,1064
457,1524
458,1500
458,1449
458,1642
458,1367
458,1467
458,1656
458,1398
458,1643
458,1368
458,1524
459,1463
459,1500
459,1467
459,1642
459,1293
459,1612
459,1449
459,1639
459,1398
459,1080
460,1500
460,1573
460,1449
460,1642
460,851
460,1293
460,1467
460,1367
460,1064
460,1398
461,1500
461,1398
461,1449
461,1293
461,1191
461,1158
461,1524
461,1064
461,119
461,1629
462,1500
462,1639
462,1642
462,1398
462,1449
462,1463
462,119
462,1467
462,1612
462,1524
463,1449
463,1064
463,1398
463,1293
463,1642
463,1080
463,1500
463,851
463,868
463,1524
464,1500
464,1642
464,1293
464,1629
464,1612
464,1367
464,1449
464,1463
464,1368
464,1398
465,1463
465,1293
465,1191
465,1612
465,1398
465,1367
465,1500
465,1175
465,1656
465,1643
466,1500
466,1642
466,1449
466,1398
466,1467
466,1368
466,1367
466,1293
466,1639
466,1306
467,1500
467,1642
467,1449
467,1064
467,1467
467,1639
467,1368
467,1662
467,1398
467,119
468,1500
468,1449
468,1293
468,1467
468,1642
468,1064
468,1398
468,1367
468,1368
468,1643
469,1293
469,1612
469,1175
469,1431
469,1500
469,1191
469,1358
469,1390
469,1430
469,1080
470,1500
470,1449
470,1191
470,1064
470,1293
470,1398
470,851
470,483
470,1467
470,318
471,1602
471,1642
471,1293
471,1612
471,1629
471,1158
471,1639
471,1331
471,1243
471,1643
472,1500
472,1367
472,1449
472,1398
472,1293
472,1463
472,1191
472,1080
472,1467
472,1642
473,1449
473,1191
473,1500
473,643
473,1642
473,1189
473,1643
473,1358
473,1467
473,318
474,1500
474,1398
474,1467
474,1642
474,1449
474,1367
474,1368
474,1643
474,1293
474,1463
475,1500
475,1467
475,1519
475,1357
475,1642
475,1361
475,1450
475,1541
475,1189
475,1321
476,1500
476,1080
476,1463
476,1449
476,1612
476,1367
476,1467
476,1639
476,1642
476,1293
477,1500
477,1293
477,1080
477,1175
477,1537
477,868
477,1463
477,1467
477,1541
477,1639
478,1500
478,1293
478,1642
478,1449
478,1463
478,1367
478,1643
478,1467
478,1368
478,1646
479,1500
479,1642
479,1449
479,1467
479,1398
479,1639
479,1367
479,114
479,119
479,1064
480,1500
480,1367
480,1642
480,1646
480,1398
480,1449
480,1368
480,1080
480,1467
480,1191
481,1463
481,1367
481,1500
481,1080
481,1368
481,1642
481,1643
481,1449
481,1639
481,1064
482,1500
482,1642
482,868
482,1293
482,1612
482,1189
482,1449
482,1064
482,1368
482,1524
483,1500
483,1367
483,1080
483,1449
483,1398
483,1629
483,1642
483,1639
483,1643
483,114
484,1500
484,1642
484,1463
484,1449
484,1639
484,1398
484,1367
484,1080
484,1467
484,1064
485,1500
485,1467
485,868
485,1189
485,1449
485,1293
485,1541
485,1639
485,119
485,1629
486,1500
486,1573
486,1467
486,1449
486,1398
486,1642
486,1064
486,868
486,1639
486,1629
487,1500
487,1449
487,1467
487,1398
487,1367
487,1639
487,1642
487,1629
487,114
487,119
488,1500
488,1293
488,1367
488,1467
488,1449
488,1612
488,1463
488,1398
488,1643
488,1642
489,1500
489,1449
489,851
489,1541
489,1512
489,1398
489,1189
489,1639
489,1558
489,1524
490,1500
490,1467
490,851
490,1064
490,1449
490,1367
490,868
490,1639
490,1541
490,1629
491,1306
491,1500
491,1642
491,1429
491,1398
491,1449
491,1450
491,851
491,1189
491,1467
492,1293
492,1612
492,1500
492,1175
492,1467
492,1643
492,1390
492,1191
492,1656
492,1026
493,1463
493,1500
493,1467
493,1449
493,1398
493,1064
493,1293
493,1612
493,1367
493,1639
494,1500
494,1367
494,1293
494,1463
494,1642
494,1467
494,1398
494,1612
494,1080
494,1449
495,1500
495,1367
495,1449
495,1080
495,1467
495,1643
495,1642
495,1398
495,1233
495,114
496,1500
496,1367
496,1080
496,1398
496,1368
496,1467
496,1662
496,1358
496,1449
496,1646
497,1500
497,1398
497,1367
497,1467
497,1449
497,1642
497,1080
497,1643
497,1639
497,1293
498,1367
498,1642
498,1449
498,1500
498,1398
498,1368
498,1467
498,1643
498,1524
498,114
499,1642
499,1367
499,1293
499,1463
499,1368
499,1646
499,1656
499,1398
499,1449
499,1467
500,1449
500,1398
500,1367
500,1467
500,1642
500,1293
500,1500
500,1639
500,1643
500,1080
501,1500
501,1467
501,851
501,1293
501,1449
501,1367
501,1398
501,169
501,114
501,483
502,1500
502,868
502,1541
502,1642
502,1449
502,1629
502,1467
502,1080
502,641
502,848
503,1500
503,1293
503,1367
503,1612
503,1642
503,1398
503,1449
503,1643
503,1467
503,1639
504,1463
504,1293
504,1612
504,1500
504,1642
504,1398
504,1449
504,1191
504,1367
504,1368
505,1656
505,1642
505,1293
505,1612
505,1449
505,1463
505,1398
505,1500
505,1467
505,1646
506,1500
506,1293
506,1463
506,1367
506,1449
506,1398
506,1467
506,1643
506,1064
506,114
507,1500
507,1398
507,1467
507,1449
507,1080
507,851
507,1639
507,320
507,641
507,64
508,1293
508,1642
508,1367
508,1500
508,1467
508,1612
508,1398
508,1449
508,1368
508,1643
509,1500
509,1398
509,1158
509,1449
509,1629
509,851
509,1367
509,1639
509,1541
509,868
510,1500
510,868
510,1639
510,1398
510,1629
510,1467
510,1189
510,1463
510,119
510,1449
511,1500
511,868
511,1642
511,1656
511,1629
511,1639
511,1449
511,1191
511,1367
511,513
512,1500
512,1332
512,1342
512,1449
512,1398
512,1367
512,1639
512,1642
512,1629
512,119
513,1467
513,1642
513,1080
513,1398
513,1449
513,1500
513,1463
513,1524
513,1629
513,119
514,1500
514,1467
514,1367
514,1398
514,1642
514,1449
514,1643
514,1368
514,1639
514,1080
515,1500
515,1467
515,1639
515,1293
515,868
515,1449
515,119
515,1398
515,1418
515,1612
516,1293
516,1332
516,1175
516,1656
516,1612
516,1646
516,1390
516,1358
516,1342
516,1367
517,1519
517,1500
517,851
517,1293
517,1191
517,1080
517,1449
517,1639
517,1467
517,1524
518,851
518,1467
518,1639
518,1398
518,1449
518,1233
518,1643
518,1500
518,114
518,169
519,1639
519,868
519,1642
519,1500
519,1396
519,1449
519,1656
519,1358
519,863
519,1467
520,1500
520,851
520,1293
520,1189
520,1639
520,1398
520,1191
520,1064
520,1642
520,1449
521,1463
521,1500
521,1367
521,1449
521,1467
521,1662
521,1293
521,1398
521,1642
521,1612
522,1500
522,1643
522,1367
522,1233
522,1642
522,1467
522,1368
522,1449
522,361
522,1293
523,1293
523,1500
523,1612
523,1643
523,1642
523,1398
523,1449
523,1368
523,1639
523,1367
524,1293
524,1612
524,1175
524,1642
524,1191
524,1463
524,1367
524,1398
524,1643
524,1368
525,1500
525,1293
525,1449
525,1467
525,1191
525,1656
525,1612
525,851
525,1398
525,1639
526,1500
526,1467
526,1642
526,1398
526,1449
526,1639
526,868
526,1064
526,1450
526,1125
527,1500
527,1467
527,1367
527,1449
527,1398
527,1642
527,1643
527,1064
527,1368
527,1189
528,1500
528,1367
528,1080
528,1449
528,1467
528,1368
528,1293
528,1642
528,1398
528,1629
529,1500
529,868
529,1449
529,1064
529,119
529,867
529,1467
529,1080
529,848
529,513
530,1463
530,1642
530,1367
530,1368
530,1293
530,1191
530,1646
530,1612
530,1500
530,1643
531,1398
531,1342
531,1642
531,1189
531,1449
531,1080
531,1191
531,868
531,1367
531,1639
532,1500
532,1449
532,1367
532,1398
532,1467
532,1639
532,1524
532,114
532,119
532,408
533,1500
533,1463
533,1467
533,1398
533,1293
533,1643
533,1449
533,1642
533,1191
533,1612
534,1500
534,1467
534,1463
534,1639
534,851
534,1398
534,169
534,114
534,868
534,1449
535,1500
535,1293
535,1642
535,1449
535,1643
535,1368
535,1398
535,1064
535,1639
535,1467
536,1500
536,1643
536,1367
536,1467
536,1449
536,1642
536,1612
536,1398
536,1233
536,1368
537,1500
537,1642
537,1449
537,1398
537,1367
537,1467
537,1293
537,1368
537,1064
537,1639
538,1500
538,1367
538,1449
538,1398
538,1642
538,1467
538,1643
538,1064
538,1293
538,1368
539,1293
539,1191
539,1642
539,1359
539,1334
539,1175
539,1449
539,1080
539,1368
539,1612
540,1500
540,1064
540,1449
540,1467
540,851
540,1293
540,1080
540,1573
540,1642
540,1398
541,1500
541,1467
541,1449
541,1367
541,1639
541,1398
541,1332
541,1629
541,1643
541,1158
542,1191
542,1500
542,1367
542,1449
542,1398
542,1467
542,1643
542,1642
542,1368
542,1064
543,1500
543,1643
543,1642
543,1367
543,1449
543,1467
543,1368
543,1398
543,1064
543,1639
544,1398
544,1467
544,1500
544,868
544,1639
544,1449
544,1342
544,1642
544,1293
544,1080
545,1367
545,1080
545,1500
545,1398
545,1449
545,1467
545,1643
545,1368
545,1524
545,1639
546,1467
546,1500
546,868
546,1367
546,1449
546,1398
546,119
546,114
546,169
546,1639
547,1449
547,1158
547,1467
547,1293
547,1398
547,1080
547,1189
547,1191
547,868
547,867
548,1500
548,1467
548,1449
548,1064
548,1629
548,114
548,851
548,169
548,483
548,1398
549,1463
549,1398
549,1500
549,851
549,1467
549,1449
549,1293
549,1080
549,1639
549,1158
550,1500
550,851
550,1293
550,1080
550,1642
550,1656
550,1449
550,868
550,1158
550,1629
551,1449
551,1500
551,1467
551,1398
551,1642
551,1367
551,1064
551,1368
551,119
551,114
552,1463
552,1500
552,1642
552,1449
552,1398
552,1293
552,1467
552,1612
552,1064
552,851
553,1463
553,1293
553,1191
553,1367
553,1643
553,1467
553,1500
553,1642
553,1368
553,1080
554,1500
554,1449
554,1293
554,1398
554,1467
554,1639
554,1643
554,1612
554,1367
554,1064
555,1500
555,1368
555,1467
555,1642
555,1293
555,1064
555,1398
555,1449
555,1080
555,1367
556,1500
556,1367
556,1449
556,1293
556,1398
556,1642
556,1189
556,1639
556,1191
556,1524
557,1500
557,1450
557,1449
557,1396
557,1642
557,1467
557,1367
557,1189
557,1639
557,868
558,1500
558,1293
558,1467
558,1612
558,1449
558,1064
558,851
558,1080
558,1429
558,626
559,1293
559,1500
559,1463
559,1367
559,1467
559,1449
559,1642
559,1643
559,1368
559,1617
560,1500
560,1293
560,1612
560,1191
560,1463
560,1467
560,1642
560,1398
560,1449
560,851
561,1500
561,1367
561,1642
561,1368
561,1080
561,1643
561,1398
561,1467
561,1158
561,1639
562,1080
562,1612
562,1293
562,1332
562,1642
562,1367
562,1646
562,1449
562,1643
562,1358
563,1293
563,1080
563,1500
563,1398
563,1642
563,1367
563,1467
563,1449
563,1612
563,1463
564,1467
564,1398
564,1449
564,119
564,1500
564,1629
564,1639
564,1396
564,1524
564,1368
565,1064
565,1519
565,1450
565,1377
565,1642
565,992
565,1189
565,1449
565,1550
565,868
566,1500
566,1367
566,1642
566,1449
566,1398
566,1467
566,1646
566,1643
566,1368
566,1080
567,1642
567,1367
567,1449
567,1293
567,1191
567,1368
567,851
567,1158
567,1524
567,1512
568,1500
568,1467
568,1642
568,1643
568,1398
568,1293
568,1367
568,1491
568,1368
568,1449
569,1500
569,1398
569,1449
569,1467
569,1642
569,851
569,1191
569,1293
569,1064
569,1639
570,1642
570,851
570,1189
570,1449
570,1500
570,1125
570,1639
570,1367
570,868
570,1524
571,1500
571,1293
571,1612
571,1080
571,1642
571,1367
571,1233
571,1398
571,1385
571,1368
572,1293
572,1612
572,1175
572,1642
572,1191
572,1463
572,1631
572,1064
572,1656
572,1643
573,1500
573,1467
573,1642
573,1463
573,1643
573,1293
573,1449
573,1398
573,1367
573,1080
574,1500
574,1450
574,1467
574,1064
574,119
574,1629
574,1541
574,1449
574,868
574,1367
575,1463
575,1367
575,1449
575,1524
575,1467
575,1429
575,1450
575,1662
575,1293
575,1064
576,1293
576,1500
576,1612
576,1449
576,1639
576,1064
576,1642
576,1398
576,483
576,64
577,1500
577,1449
577,1467
577,1398
577,1367
577,1293
577,1642
577,1643
577,114
577,1639
578,1500
578,1642
578,1656
578,868
578,1449
578,1189
578,1639
578,1064
578,1497
578,701
579,1500
579,1642
579,1449
579,1467
579,1293
579,1367
579,1064
579,1398
579,1612
579,1643
580,1500
580,1463
580,1293
580,851
580,1064
580,1612
580,1541
580,1080
580,1398
580,1639
581,1064
581,1500
581,851
581,1449
581,1467
581,1191
581,1293
581,1368
581,320
581,626
582,1500
582,851
582,1449
582,1158
582,1467
582,1656
582,1080
582,868
582,1293
582,1642
583,1398
583,1642
583,1463
583,1367
583,1467
583,1449
583,1293
583,1450
583,1368
583,1500
584,1656
584,1463
584,1293
584,1080
584,1500
584,1449
584,1646
584,1367
584,1629
584,1398
585,1519
585,1450
585,1500
585,1611
585,1642
585,992
585,1064
585,1389
585,1629
585,867
586,1500
586,1080
586,1463
586,1293
586,1367
586,1398
586,1449
586,1467
586,1612
586,1233
587,1500
587,1449
587,1398
587,1639
587,1158
587,851
587,1541
587,868
587,119
587,1064
588,1293
588,1500
588,1367
588,1612
588,1467
588,1463
588,1449
588,1398
588,1642
588,1643
589,1500
589,868
589,1189
589,1064
589,1541
589,1293
589,1449
589,1629
589,1305
589,641
590,1293
590,1612
590,1175
590,1429
590,1431
590,1656
590,1430
590,1390
590,1500
590,1463
591,1500
591,1642
591,1080
591,1367
591,1467
591,1293
591,1449
591,1398
591,1643
591,1233
592,1500
592,1398
592,1449
592,1642
592,1467
592,1367
592,868
592,1639
592,1064
592,1368
593,1293
593,1080
593,1467
593,1612
593,1449
593,1500
593,1398
593,1642
593,1656
593,1064
594,1293
594,1612
594,1642
594,1191
594,1367
594,1449
594,1643
594,1500
594,1175
594,1467
595,1500
595,1449
595,1642
595,851
595,1080
595,868
595,1398
595,1639
595,1467
595,1064
596,1500
596,868
596,1293
596,1463
596,1398
596,1656
596,1639
596,1467
596,1449
596,1612
597,1500
597,1293
597,1612
597,1463
597,1449
597,1617
597,1467
597,1080
597,1642
597,1639
598,1398
598,1467
598,1396
598,1639
598,1491
598,1342
598,1449
598,1064
598,867
598,868
599,1500
599,1639
599,1642
599,1485
599,868
599,1629
599,114
599,1125
599,64
599,626
600,1367
600,1642
600,1398
600,1293
600,1191
600,1080
600,1368
600,1449
600,1500
600,1643
601,1500
601,1191
601,1449
601,1367
601,1467
601,1293
601,1524
601,1398
601,1639
601,1642
602,1500
602,1642
602,1467
602,1463
602,1449
602,1064
602,1293
602,1398
602,851
602,1629
603,1642
603,1367
603,1656
603,1500
603,1368
603,1398
603,1293
603,1449
603,1643
603,1080
604,1306
604,1467
604,1500
604,868
604,1080
604,1367
604,1643
604,1449
604,1189
604,1233
605,1500
605,1449
605,1642
605,1398
605,1467
605,1293
605,1367
605,1064
605,868
605,1368
606,1500
606,1656
606,1398
606,1449
606,1467
606,1293
606,1642
606,1639
606,1367
606,1643
607,1519
607,1431
607,1643
607,1467
607,1463
607,1500
607,1642
607,1449
607,1064
607,1367
608,1367
608,1293
608,1398
608,1449
608,1500
608,1642
608,1467
608,1064
608,1629
608,1524
609,1642
609,1656
609,1500
609,1449
609,1524
609,851
609,1398
609,1158
609,1512
609,1639
610,1367
610,1642
610,1449
610,1398
610,1639
610,1158
610,1467
610,1629
610,1368
610,114
611,1449
611,1500
611,1396
611,1639
611,1398
611,868
611,1189
611,1293
611,1367
611,1342
612,1463
612,1293
612,1646
612,1175
612,1612
612,1467
612,1642
612,1191
612,1080
612,1233
613,1500
613,1367
613,1463
613,1398
613,1449
613,1080
613,1642
613,1293
613,1612
613,1158
614,1500
614,1467
614,851
614,1642
614,1449
614,868
614,114
614,169
614,1398
614,64
615,1500
615,1449
615,1467
615,1642
615,1367
615,1398
615,1639
615,1064
615,1293
615,114
616,1500
616,1398
616,868
616,1342
616,1064
616,1449
616,1642
616,1541
616,1639
616,1467
617,1367
617,1449
617,1398
617,1467
617,851
617,1642
617,1158
617,1064
617,1368
617,1524
618,1500
618,1367
618,1449
618,1467
618,1643
618,1398
618,1064
618,1656
618,1639
618,1642
619,1398
619,1449
619,1467
619,1629
619,1500
619,119
619,1367
619,1064
619,1396
619,1450
620,1656
620,1500
620,1449
620,1191
620,1398
620,1367
620,1293
620,1463
620,1467
620,1642
621,1500
621,1449
621,1367
621,1467
621,1398
621,1080
621,1293
621,1639
621,1368
621,1642
622,1293
622,1367
622,1500
622,1642
622,1467
622,1449
622,1080
622,1398
622,1607
622,1643
623,1500
623,1080
623,1467
623,1642
623,1449
623,1367
623,1398
623,1639
623,1643
623,1368
624,1500
624,1449
624,851
624,1064
624,1467
624,1398
624,1642
624,1293
624,1639
624,1367
625,1293
625,1500
625,1463
625,1367
625,1642
625,1449
625,1191
625,1656
625,1368
625,1467
626,1500
626,1398
626,1642
626,1449
626,1629
626,1639
626,868
626,119
626,1396
626,1125
627,1293
627,1467
627,1500
627,1191
627,1643
627,1612
627,1449
627,1398
627,1463
627,1367
628,1500
628,1398
628,1293
628,1080
628,1612
628,851
628,1629
628,1368
628,868
628,1189
629,1500
629,1449
629,1398
629,1367
629,1642
629,1467
629,1064
629,1450
629,1396
629,1639
630,1463
630,1500
630,1293
630,1467
630,1642
630,1629
630,1449
630,1233
630,1612
630,1368
631,1500
631,868
631,1639
631,1467
631,1642
631,1398
631,1293
631,1629
631,1612
631,867
632,1500
632,1367
632,1449
632,1642
632,1463
632,1643
632,1467
632,1064
632,1639
632,1398
633,1463
633,1080
633,1449
633,1191
633,1500
633,1398
633,1367
633,1293
633,1524
633,1467
634,1500
634,1467
634,1064
634,1449
634,1293
634,1656
634,851
634,1398
634,64
634,318
635,1500
635,643
635,868
635,1293
635,1537
635,1467
635,1662
635,1639
635,1612
635,1189
636,1027
636,1398
636,1491
636,1656
636,1500
636,1449
636,851
636,1639
636,1080
636,1467
637,1656
637,1500
637,1293
637,1175
637,1612
637,1463
637,1449
637,851
637,1642
637,1573
638,1467
638,1642
638,1500
638,1612
638,1293
638,1643
638,1449
638,1367
638,1233
638,1368
639,1642
639,1449
639,1500
639,1368
639,1639
639,1643
639,1398
639,1367
639,867
639,1064
640,1367
640,1642
640,1449
640,1500
640,1398
640,1467
640,1064
640,1450
640,1639
640,1368
641,1500
641,1642
641,1367
641,1398
641,1368
641,1449
641,1463
641,1594
641,1189
641,1080
642,1500
642,1656
642,1643
642,1080
642,1642
642,1293
642,1398
642,1449
642,1639
642,1467
643,1500
643,1367
643,1467
643,1449
643,1642
643,1293
643,1233
643,1368
643,1612
643,1463
644,1463
644,1293
644,1500
644,1449
644,1612
644,1524
644,119
644,1398
644,1467
644,169
645,1500
645,1642
645,1367
645,1368
645,1449
645,1398
645,1467
645,1639
645,1643
645,1080
646,1500
646,1467
646,1398
646,868
646,1541
646,1642
646,1449
646,867
646,1367
646,1639
647,1500
647,1367
647,1293
647,1467
647,1642
647,1398
647,1449
647,1463
647,1368
647,1612
648,1500
648,1467
648,1449
648,1643
648,114
648,1293
648,1639
648,1306
648,408
648,1064
649,1467
649,1080
649,1449
649,1629
649,1639
649,1368
649,1191
649,1500
649,1612
649,1293
650,1500
650,1467
650,1449
650,1642
650,1367
650,1398
650,1643
650,1368
650,1524
650,114
651,1293
651,1573
651,1189
651,1449
651,851
651,1500
651,1629
651,1191
651,1656
651,1367
652,1080
652,1467
652,1500
652,868
652,1449
652,1398
652,1293
652,701
652,1450
652,1639
653,1500
653,1293
653,1612
653,1467
653,1656
653,1617
653,1643
653,1367
653,1463
653,1449
654,1500
654,1191
654,1449
654,1642
654,1467
654,1639
654,1064
654,1398
654,1524
654,1629
655,1500
655,1449
655,1367
655,1293
655,1467
655,1398
655,1064
655,114
655,408
655,169
656,1500
656,1467
656,1541
656,851
656,1189
656,1642
656,1293
656,867
656,1639
656,1396
657,1500
657,1642
657,1064
657,1467
657,1449
657,851
657,1342
657,1398
657,1293
657,868
658,1191
658,1612
658,1293
658,1233
658,1449
658,1643
658,1500
658,1398
658,1467
658,1642
659,1500
659,1367
659,1449
659,1398
659,1642
659,1368
659,1643
659,1467
659,1293
659,1612
660,1500
660,1463
660,1293
660,1449
660,1642
660,1367
660,1368
660,1398
660,1643
660,1467
661,1500
661,1467
661,1367
661,1398
661,1449
661,1642
661,1643
661,1368
661,1639
661,1064
662,1612
662,1080
662,1293
662,1449
662,1500
662,1463
662,1642
662,1367
662,626
662,1629
663,1500
663,1463
663,1398
663,1449
663,1639
663,1467
663,1642
663,1293
663,1612
663,1629
664,1500
664,1367
664,1293
664,1449
664,1642
664,1467
664,1398
664,1643
664,1064
664,1368
665,1500
665,1367
665,1642
665,1293
665,1467
665,1449
665,1368
665,1398
665,1612
665,1643
666,1293
666,1642
666,1191
666,1612
666,1367
666,1398
666,1449
666,1500
666,1467
666,1368
667,1449
667,1642
667,1367
667,1368
667,1398
667,1467
667,1524
667,1358
667,408
667,1080
668,1500
668,1367
668,1449
668,1293
668,1467
668,1080
668,1629
668,1524
668,1064
668,1189
669,1398
669,1449
669,1642
669,1367
669,1368
669,1639
669,1500
669,1080
669,1064
669,1467
670,1612
670,1642
670,1175
670,1293
670,1643
670,1449
670,1398
670,1368
670,1467
670,1450
671,1463
671,1500
671,1367
671,1642
671,1398
671,1467
671,1643
671,1233
671,1449
671,1368
672,1080
672,1293
672,1612
672,1191
672,1642
672,1449
672,1573
672,1155
672,1512
672,600
673,1500
673,1450
673,1642
673,1449
673,1064
673,1293
673,1398
673,867
673,1639
673,868
674,1500
674,1642
674,1080
674,1398
674,1467
674,851
674,1158
674,1449
674,1629
674,868
675,1027
675,1450
675,1064
675,1334
675,1500
675,1484
675,1359
675,1639
675,1449
675,1189
676,1500
676,1467
676,1449
676,1639
676,1398
676,1064
676,1396
676,868
676,408
676,603
677,1500
677,1547
677,1463
677,1467
677,1550
677,1573
677,851
677,868
677,1612
677,1551
678,1463
678,1467
678,1293
678,1064
678,1175
678,1500
678,1449
678,1612
678,1191
678,1080
679,1191
679,1656
679,1293
679,1500
679,1612
679,1463
679,1449
679,1367
679,1398
679,1368
680,1293
680,1500
680,1612
680,1467
680,1449
680,1306
680,1080
680,1064
680,1642
680,1643
681,1639
681,1500
681,1342
681,868
681,1064
681,1642
681,1467
681,1623
681,701
681,1125
682,1500
682,1449
682,1467
682,1398
682,1367
682,1293
682,1662
682,1656
682,1064
682,1612
683,1500
683,1467
683,1450
683,1449
683,1398
683,1639
683,1541
683,1396
683,1306
683,1629
684,1643
684,1293
684,1612
684,1500
684,1467
684,1449
684,1642
684,1080
684,1398
684,1639
685,1467
685,1500
685,1639
685,1417
685,1629
685,1293
685,1418
685,1642
685,1541
685,1064
686,1175
686,1293
686,1612
686,1358
686,1327
686,1367
686,1368
686,1500
686,1642
686,1449
687,1500
687,868
687,1396
687,1449
687,1639
687,119
687,1189
687,1541
687,1467
687,1080
688,1500
688,1629
688,1541
688,867
688,1158
688,1524
688,1449
688,848
688,868
688,641
689,1463
689,1500
689,851
689,1398
689,1639
689,1449
689,1158
689,1175
689,1191
689,1064
690,1293
690,1642
690,1500
690,1643
690,1467
690,1367
690,1398
690,1449
690,1463
690,1294
691,1500
691,1463
691,1080
691,1293
691,1398
691,1646
691,1617
691,1367
691,1642
691,1449
692,1293
692,1500
692,1612
692,1646
692,1463
692,1175
692,1467
692,1639
692,1629
692,1080
693,1656
693,1367
693,1500
693,1080
693,1398
693,1642
693,1368
693,1449
693,1293
693,1467
694,1463
694,1643
694,1642
694,1398
694,1368
694,1367
694,1500
694,1467
694,1449
694,1233
695,1500
695,1629
695,1467
695,1642
695,1396
695,1449
695,119
695,868
695,851
695,1293
696,1321
696,1467
696,1449
696,1368
696,1537
696,1541
696,1500
696,1367
696,1358
696,1642
697,1500
697,1449
697,1080
697,851
697,1398
697,1064
697,1467
697,119
697,641
697,114
698,1463
698,1500
698,1293
698,1191
698,1175
698,1612
698,1643
698,1367
698,1080
698,1233
699,1500
699,1293
699,1463
699,1612
699,1080
699,1467
699,1449
699,1642
699,1398
699,1367
700,1080
700,1368
700,296
700,1500
700,1237
700,1293
700,1612
700,1233
700,1643
700,1389
701,1500
701,1642
701,1467
701,1449
701,1398
701,1293
701,1131
701,1368
701,867
701,1064
702,1398
702,1467
702,1656
702,1125
702,1449
702,119
702,1396
702,1547
702,1450
702,1631
703,1500
703,1639
703,1467
703,1398
703,1449
703,1463
703,1293
703,1629
703,1080
703,64
704,1500
704,1642
704,1293
704,1398
704,1368
704,1449
704,1367
704,1643
704,1064
704,483
705,1080
705,1463
705,1175
705,1367
705,1233
705,1467
705,1398
705,1293
705,1449
705,1612
706,1463
706,1500
706,1398
706,1639
706,1467
706,1450
706,1064
706,626
706,64
706,483
707,1293
707,1367
707,1500
707,1191
707,1368
707,1398
707,1080
707,1643
707,1467
707,1449
708,1500
708,1467
708,1639
708,1449
708,1064
708,1398
708,1463
708,1629
708,851
708,1158
709,1500
709,1293
709,1367
709,1646
709,1612
709,1467
709,1449
709,1398
709,1642
709,868
710,1500
710,1367
710,1642
710,1449
710,1398
710,1368
710,1467
710,1639
710,1064
710,1524
711,1642
711,1500
711,1367
711,1449
711,1398
711,1080
711,1368
711,1639
711,1643
711,1064
712,1293
712,1191
712,1612
712,1294
712,1463
712,1500
712,1642
712,1368
712,1367
712,1643
713,1500
713,1467
713,1367
713,1642
713,119
713,868
713,1293
713,1396
713,1189
713,867
714,1617
714,1293
714,1463
714,1191
714,1639
714,1500
714,1612
714,1175
714,1398
714,1467
715,1500
715,1293
715,1449
715,1467
715,1612
715,1398
715,1463
715,1367
715,1064
715,1639
716,1500
716,1191
716,1080
716,1642
716,1467
716,1398
716,1643
716,1449
716,1368
716,1367
717,1467
717,1642
717,1080
717,1463
717,1449
717,1398
717,1639
717,1293
717,119
717,1396
718,868
718,851
718,1398
718,1642
718,1449
718,1175
718,1646
718,1191
718,1080
718,1463
719,1500
719,1642
719,1449
719,1398
719,1064
719,1524
719,114
719,1293
719,1662
719,483
720,1449
720,1398
720,1367
720,1305
720,1500
720,1639
720,1396
720,867
720,851
720,1158
721,1500
721,1449
721,1398
721,1367
721,1639
721,1064
721,1467
721,1629
721,114
721,408
722,1293
722,1467
722,851
722,1398
722,1612
722,1449
722,1617
722,1672
722,1646
722,1500
723,1617
723,1306
723,1293
723,1500
723,1612
723,1463
723,1307
723,1398
723,1080
723,1449
724,1500
724,1398
724,868
724,1396
724,1064
724,1629
724,119
724,1467
724,1189
724,1158
725,1500
725,1656
725,1449
725,1463
725,1158
725,1293
725,1398
725,1512
725,1642
725,1639
726,1500
726,1293
726,868
726,626
726,1358
726,1064
726,1463
726,1612
726,1080
726,1294
727,1293
727,1449
727,1500
727,1642
727,1467
727,1367
727,1398
727,1463
727,1662
727,1643
728,1467
728,1463
728,1500
728,1449
728,1629
728,1080
728,851
728,1398
728,1639
728,169
729,868
729,1500
729,1467
729,1639
729,1449
729,1398
729,1367
729,701
729,867
729,1466
730,1500
730,1642
730,1064
730,1656
730,1449
730,1398
730,1080
730,1639
730,1629
730,851
731,1642
731,1612
731,1293
731,1398
731,1643
731,1646
731,1467
731,1449
731,1367
731,1629
732,1500
732,1396
732,1449
732,119
732,1293
732,868
732,1342
732,1612
732,1443
732,1064
733,1500
733,1573
733,1642
733,1449
733,1398
733,1293
733,851
733,1191
733,1467
733,1646
734,1080
734,1191
734,1367
734,1398
734,1500
734,1642
734,1449
734,1293
734,1643
734,1656
735,1500
735,1449
735,1293
735,1064
735,1612
735,1191
735,1467
735,1398
735,1639
735,1656
736,1293
736,1332
736,1573
736,1612
736,1500
736,1642
736,1367
736,600
736,1656
736,1342
737,1463
737,1293
737,1398
737,1368
737,1642
737,1602
737,1612
737,1191
737,1467
737,1233
738,1500
738,1398
738,1449
738,1367
738,1642
738,1467
738,1643
738,1064
738,1368
738,1639
739,1500
739,1080
739,1398
739,1467
739,1643
739,1293
739,1368
739,1639
739,1191
739,1642
740,1500
740,1639
740,868
740,1449
740,1541
740,1064
740,1398
740,1467
740,1642
740,1293
741,1500
741,1367
741,1449
741,1642
741,1293
741,1398
741,1643
741,1467
741,1639
741,1064
742,1293
742,1463
742,1500
742,1642
742,1191
742,851
742,1398
742,1449
742,1064
742,1158
743,1642
743,1449
743,1080
743,1189
743,1500
743,851
743,1467
743,1293
743,1524
743,1398
744,1642
744,1293
744,1080
744,1449
744,1367
744,1368
744,1233
744,1191
744,1158
744,1643
745,1500
745,1080
745,1293
745,1629
745,1449
745,1191
745,1612
745,1467
745,1064
745,1367
746,1500
746,1080
746,1367
746,1467
746,1398
746,1449
746,1293
746,1612
746,1643
746,1639
747,1500
747,1642
747,1398
747,1449
747,1367
747,1467
747,1643
747,1293
747,1064
747,1639
748,1463
748,1612
748,1293
748,1367
748,1500
748,1617
748,1467
748,1642
748,1398
748,1449
749,1463
749,1500
749,1449
749,1293
749,1398
749,1642
749,1467
749,1367
749,1080
749,1612
750,1500
750,868
750,1398
750,1064
750,1467
750,1189
750,1541
750,1080
750,1642
750,513
751,1500
751,1367
751,1467
751,1449
751,1398
751,1368
751,1639
751,1642
751,1064
751,114
752,1500
752,1450
752,1629
752,1293
752,868
752,851
752,1542
752,1541
752,1639
752,1612
753,1368
753,1642
753,1321
753,1293
753,1398
753,1500
753,1449
753,1463
753,1367
753,1357
754,1467
754,1642
754,1500
754,1080
754,1450
754,1449
754,119
754,1629
754,169
754,851
755,1642
755,1398
755,1367
755,1467
755,1500
755,1449
755,1189
755,119
755,868
755,1064
756,1463
756,1080
756,1500
756,1175
756,1367
756,1467
756,1449
756,1398
756,1158
756,1639
757,1500
757,1642
757,1398
757,1449
757,1367
757,1467
757,1293
757,1064
757,1368
757,1639
758,1500
758,1467
758,1367
758,1449
758,1642
758,1398
758,868
758,1639
758,114
758,1368
759,1500
759,1463
759,1642
759,1080
759,1467
759,1293
759,1629
759,1449
759,1398
759,1639
760,1500
760,1293
760,1617
760,1080
760,1646
760,1612
760,1463
760,1449
760,1367
760,1158
761,1500
761,1293
761,1612
761,1463
761,1064
761,1467
761,1449
761,119
761,1639
761,1398
762,1064
762,1547
762,1519
762,1500
762,1541
762,851
762,1467
762,1554
762,1367
762,1449
763,1367
763,1449
763,1642
763,1500
763,1467
763,1643
763,1080
763,1646
763,1398
763,1463
764,1293
764,1175
764,1612
764,1500
764,1449
764,1467
764,1398
764,1367
764,1080
764,1639
765,1612
765,1293
765,1175
765,1191
765,1656
765,1390
765,1243
765,851
765,1449
765,1080
766,1500
766,1367
766,1642
766,1368
766,1643
766,1398
766,1467
766,1449
766,1293
766,114
767,1500
767,1467
767,1643
767,1080
767,1368
767,1367
767,1398
767,1449
767,1642
767,1639
768,1500
768,1064
768,1467
768,1449
768,1639
768,1398
768,1642
768,1080
768,851
768,868
769,1467
769,1642
769,1639
769,1064
769,1080
769,1449
769,1398
769,1646
769,1535
769,1500
770,1398
770,1449
770,1642
770,851
770,1500
770,1158
770,1467
770,119
770,1080
770,1367
771,1500
771,1643
771,1080
771,1367
771,1293
771,1467
771,1398
771,1368
771,1449
771,1642
772,1398
772,1500
772,868
772,1449
772,1629
772,1642
772,867
772,1080
772,1189
772,1524
773,1449
773,1642
773,1500
773,1368
773,1467
773,1463
773,1639
773,1064
773,1398
773,868
774,1672
774,1646
774,1500
774,1467
774,1367
774,1449
774,1398
774,1642
774,868
774,1064
775,1398
775,1541
775,1639
775,1467
775,1500
775,119
775,1064
775,1449
775,1293
775,1189
776,1367
776,1500
776,1643
776,1398
776,1368
776,1467
776,1293
776,1612
776,1233
776,1642
777,1500
777,1612
777,1467
777,1643
777,1449
777,1398
777,1639
777,1293
777,1396
777,169
778,1367
778,1500
778,1467
778,1642
778,1449
778,1175
778,1607
778,1398
778,1431
778,1368
779,1500
779,1463
779,1467
779,1064
779,1449
779,1398
779,1642
779,119
779,1293
779,169
780,1293
780,1500
780,1367
780,1467
780,1612
780,1656
780,1643
780,1463
780,1642
780,1398
781,1449
781,1367
781,1398
781,1639
781,1450
781,1629
781,1642
781,1368
781,1524
781,114
782,1500
782,1449
782,851
782,119
782,868
782,1368
782,64
782,1398
782,318
782,483
783,1500
783,1541
783,1080
783,1398
783,868
783,851
783,867
783,1293
783,1467
783,1639
784,1305
784,1064
784,1642
784,851
784,867
784,119
784,1500
784,1449
784,1189
784,483
785,1500
785,1293
785,1358
785,1656
785,1367
785,1612
785,1449
785,1467
785,1398
785,1646
786,1175
786,1463
786,1293
786,1612
786,1500
786,1467
786,1449
786,1642
786,1643
786,1398
787,1398
787,1639
787,1449
787,1500
787,1189
787,119
787,1064
787,1396
787,867
787,851
788,1463
788,1467
788,1175
788,1398
788,1367
788,1642
788,1293
788,1080
788,1449
788,1643
789,1500
789,1449
789,1467
789,1080
789,1541
789,868
789,1524
789,1367
789,851
789,483
790,1500
790,1293
790,1367
790,1449
790,1398
790,1467
790,1642
790,1662
790,1643
790,1612
791,1500
791,1639
791,1449
791,1398
791,1467
791,1450
791,1367
791,483
791,64
791,318
792,1612
792,1064
792,1293
792,851
792,1449
792,1500
792,1467
792,1639
792,1643
792,1642
793,1500
793,1293
793,1463
793,1642
793,1064
793,1612
793,1294
793,1467
793,1449
793,851
794,1500
794,1449
794,1642
794,1467
794,1367
794,1080
794,1398
794,851
794,1368
794,1524
795,1191
795,1243
795,1175
795,1293
795,1612
795,1080
795,1500
795,1467
795,1642
795,1367
796,1367
796,1500
796,1293
796,1467
796,1642
796,1643
796,1449
796,1398
796,1080
796,114
797,1500
797,1467
797,1639
797,1450
797,1541
797,1449
797,1396
797,1189
797,119
797,1064
798,1617
798,1293
798,1612
798,1500
798,1367
798,1467
798,1191
798,1643
798,1398
798,1080
799,1656
799,1398
799,1367
799,1191
799,1175
799,1080
799,1449
799,1396
799,1642
799,1500
800,1500
800,1080
800,1175
800,1449
800,1463
800,1293
800,851
800,1612
800,1398
800,1467
801,1500
801,1629
801,1125
801,868
801,1293
801,1449
801,1639
801,1367
801,1158
801,1642
802,1500
802,1467
802,1367
802,868
802,1080
802,1449
802,114
802,408
802,50
802,169
803,868
803,1642
803,1342
803,1158
803,851
803,1398
803,1656
803,1396
803,1612
803,1449
804,1463
804,1500
804,1293
804,1367
804,1467
804,1449
804,1398
804,1642
804,1080
804,1643
805,1656
805,1367
805,1449
805,1080
805,1642
805,1398
805,1500
805,1639
805,1467
805,1158
806,1500
806,1642
806,1449
806,1367
806,1398
806,1639
806,1467
806,1064
806,1368
806,1524
807,1080
807,1656
807,1398
807,1467
807,1500
807,1367
807,1449
807,1642
807,1463
807,1643
808,1500
808,868
808,1639
808,1642
808,1541
808,1064
808,1396
808,1293
808,851
808,483
809,1398
809,1467
809,1500
809,1639
809,1449
809,119
809,1189
809,1293
809,1080
809,1612
810,1500
810,868
810,1639
810,1293
810,1080
810,867
810,1642
810,1449
810,1064
810,848
811,1500
811,851
811,868
811,1189
811,1158
811,1398
811,119
811,1449
811,1293
811,1642
812,1500
812,1629
812,1293
812,868
812,1639
812,1418
812,1189
812,1467
812,64
812,1612
813,1485
813,1080
813,1512
813,1449
813,851
813,1639
813,1597
813,1175
813,641
813,1131
814,1500
814,1293
814,1467
814,1367
814,1612
814,868
814,1398
814,1646
814,1449
814,1306
815,1656
815,1463
815,1500
815,1642
815,1467
815,1398
815,1191
815,1293
815,1449
815,1367
816,1500
816,868
816,1642
816,1449
816,701
816,1293
816,867
816,513
816,1463
816,1080
817,1500
817,851
817,1467
817,1398
817,1449
817,1064
817,1293
817,868
817,1463
817,1639
818,1500
818,1541
818,1398
818,868
818,1293
818,1449
818,119
818,1467
818,851
818,1642
819,1642
819,1491
819,1449
819,1293
819,1189
819,1080
819,1629
819,1064
819,1332
819,1639
820,1500
820,868
820,1398
820,1642
820,1467
820,1541
820,1189
820,1332
820,1080
820,1449
821,1293
821,1500
821,1642
821,1449
821,1467
821,1294
821,1463
821,1643
821,1398
821,1639
822,1306
822,1642
822,1158
822,1080
822,1500
822,1629
822,1639
822,1643
822,1449
822,1611
823,1500
823,1293
823,1367
823,1642
823,1656
823,1191
823,1449
823,1643
823,1368
823,1398
824,1500
824,1463
824,1293
824,1396
824,868
824,119
824,1612
824,1080
824,1189
824,1449
825,1467
825,1463
825,1500
825,1449
825,1293
825,1064
825,114
825,169
825,64
825,1189
826,1500
826,1080
826,1367
826,1642
826,1656
826,1398
826,1449
826,1368
826,1467
826,1643
827,1500
827,868
827,1629
827,1642
827,1541
827,1398
827,1293
827,1449
827,119
827,1367
828,1500
828,1449
828,868
828,1293
828,1367
828,1467
828,1064
828,1358
828,851
828,1642
829,1500
829,1642
829,1293
829,1449
829,1467
829,1629
829,1639
829,1398
829,1191
829,1656
830,1656
830,1367
830,1642
830,1080
830,1500
830,1449
830,1398
830,1643
830,1467
830,1639
831,1500
831,1398
831,1449
831,1642
831,1639
831,1467
831,1367
831,1064
831,1629
831,1450
832,1500
832,1463
832,1642
832,1293
832,868
832,1656
832,1449
832,1612
832,1064
832,1524
833,1500
833,1367
833,1449
833,1293
833,1398
833,1642
833,1368
833,1191
833,1064
833,1524
834,1500
834,1449
834,851
834,1293
834,1573
834,1467
834,868
834,1398
834,1064
834,483
835,1500
835,1467
835,1642
835,1367
835,1449
835,1639
835,1398
835,1643
835,1629
835,1524
836,1367
836,1500
836,1398
836,1642
836,1449
836,1450
836,1368
836,1629
836,1524
836,868
837,1500
837,1463
837,1293
837,1175
837,1080
837,1064
837,1612
837,1429
837,1642
837,626
838,1500
838,1449
838,1467
838,1642
838,1293
838,1367
838,1639
838,1398
838,1064
838,1643
839,1642
839,1449
839,1398
839,851
839,1293
839,1612
839,1639
839,1646
839,1656
839,1463
840,1500
840,1467
840,1642
840,1368
840,1367
840,1643
840,1449
840,1359
840,1334
840,1398
841,1398
841,1642
841,1629
841,1342
841,1064
841,1500
841,868
841,1396
841,1080
841,701
842,1642
842,1449
842,1500
842,868
842,1639
842,1396
842,1367
842,851
842,1368
842,1080
843,1293
843,1463
843,1191
843,1656
843,1612
843,1500
843,1367
843,1243
843,1080
843,1643
844,1642
844,1500
844,1398
844,1367
844,1449
844,1467
844,1643
844,1639
844,1158
844,1293
845,1064
845,1500
845,1367
845,1642
845,1362
845,1155
845,1327
845,868
845,1358
845,1443
846,1500
846,1367
846,1191
846,1293
846,1368
846,1642
846,1449
846,1643
846,1467
846,1398
847,1463
847,1293
847,1612
847,1175
847,1500
847,1646
847,1294
847,1642
847,1643
847,1080
848,1293
848,1463
848,1612
848,1500
848,1080
848,1642
848,1367
848,1175
848,1643
848,1368
849,1080
849,1467
849,1500
849,1602
849,1367
849,1398
849,1449
849,1642
849,1293
849,1639
850,1293
850,1080
850,1463
850,1191
850,1500
850,1175
850,1642
850,1398
850,1294
850,1367
851,1500
851,1398
851,1467
851,1449
851,1642
851,1367
851,1064
851,114
851,1643
851,169
852,1293
852,1612
852,1467
852,1191
852,1449
852,1500
852,1573
852,1398
852,1524
852,851
853,1500
853,1639
853,1541
853,1467
853,1642
853,868
853,1449
853,1080
853,1629
853,641
854,1500
854,1642
854,1449
854,1398
854,1467
854,1293
854,1367
854,1639
854,114
854,1629
855,1612
855,1500
855,1293
855,1144
855,1233
855,1643
855,1449
855,1467
855,1642
855,868
856,1500
856,868
856,1398
856,1629
856,119
856,1463
856,1449
856,701
856,1467
856,1639
857,1500
857,1450
857,1642
857,1398
857,868
857,1497
857,1293
857,1080
857,1467
857,1463
858,1642
858,1293
858,1449
858,851
858,1524
858,1064
858,1612
858,1656
858,1367
858,1189
859,1500
859,1547
859,868
859,1656
859,1293
859,1191
859,1642
859,1080
859,851
859,1467
860,1500
860,1642
860,1467
860,1367
860,1398
860,1449
860,1639
860,1450
860,1080
860,1524
861,1500
861,1293
861,1175
861,1612
861,1642
861,1191
861,1639
861,1449
861,1064
861,1027
862,1463
862,1293
862,1500
862,1398
862,1367
862,1467
862,1612
862,1368
862,1643
862,1449
863,1500
863,1541
863,1398
863,868
863,1449
863,1396
863,1064
863,1080
863,1467
863,1443
864,1293
864,1500
864,1463
864,1612
864,1367
864,1656
864,1643
864,1467
864,1449
864,1398
865,1500
865,1463
865,1642
865,1293
865,1612
865,1158
865,1592
865,1080
865,1367
865,868
866,1500
866,1467
866,1629
866,1449
866,1642
866,1367
866,1189
866,1541
866,1342
866,867
867,1500
867,1367
867,1656
867,1293
867,1642
867,1617
867,1449
867,1467
867,1080
867,1398
868,1175
868,1293
868,1367
868,1500
868,1612
868,1463
868,1642
868,1233
868,1449
868,1080
869,1500
869,1573
869,1449
869,1467
869,1158
869,1524
869,868
869,1064
869,1367
869,851
870,1500
870,1367
870,1449
870,1642
870,1467
870,1398
870,1368
870,1639
870,1643
870,114
871,1500
871,1449
871,1080
871,1064
871,1367
871,1398
871,119
871,1629
871,114
871,1467
872,1500
872,1541
872,1398
872,1642
872,868
872,1629
872,1639
872,851
872,1293
872,1646
873,1500
873,1467
873,868
873,1080
873,1293
873,1639
873,1612
873,867
873,1064
873,64
874,1500
874,1449
874,1467
874,1642
874,1191
874,483
874,318
874,114
874,1398
874,603
875,1500
875,1367
875,1449
875,1368
875,1642
875,1293
875,1398
875,1639
875,1467
875,1643
876,1500
876,1191
876,1656
876,1398
876,1367
876,1449
876,1293
876,1629
876,1396
876,1642
877,1500
877,1467
877,1642
877,1064
877,1449
877,868
877,1367
877,1398
877,867
877,483
878,1293
878,1642
878,1500
878,1449
878,1367
878,1656
878,1467
878,1064
878,1643
878,1398
879,1500
879,1080
879,1467
879,1642
879,1449
879,1158
879,1398
879,1629
879,1367
879,1639
880,1500
880,1367
880,1449
880,1642
880,1293
880,1398
880,1467
880,1064
880,1662
880,1368
881,1293
881,1612
881,1500
881,1463
881,1467
881,1449
881,1398
881,1367
881,1643
881,1617
882,1500
882,1467
882,1642
882,1449
882,1643
882,1367
882,1398
882,1639
882,1064
882,1524
883,1500
883,1367
883,1642
883,1449
883,1643
883,1467
883,1368
883,1398
883,1064
883,1639
884,1500
884,1467
884,1064
884,1293
884,1656
884,1642
884,1449
884,1629
884,1463
884,851
885,1463
885,1500
885,1642
885,1233
885,1643
885,1398
885,1449
885,1367
885,1639
885,1467
886,1500
886,1293
886,1612
886,1367
886,1643
886,1449
886,1463
886,1368
886,1233
886,1398
887,1500
887,1463
887,1449
887,1467
887,1367
887,1398
887,114
887,1639
887,169
887,408
888,1293
888,1612
888,1391
888,1175
888,1500
888,1643
888,1191
888,1611
888,1642
888,1237
889,1500
889,1367
889,1467
889,1642
889,1449
889,1398
889,1368
889,1463
889,1643
889,114
890,1332
890,1656
890,1342
890,1367
890,1500
890,1293
890,1368
890,1642
890,1398
890,1449
891,1293
891,1612
891,1656
891,1398
891,1467
891,1191
891,1449
891,1642
891,1080
891,1125
892,1500
892,1191
892,1463
892,1367
892,1643
892,1642
892,1467
892,1449
892,1398
892,1368
893,1500
893,1398
893,1467
893,1639
893,1449
893,1080
893,1629
893,119
893,1396
893,1064
894,1500
894,1449
894,1642
894,1064
894,851
894,1467
894,1398
894,1293
894,1367
894,483
895,1293
895,1500
895,1612
895,1449
895,1642
895,1639
895,1463
895,1467
895,1064
895,1398
896,1500
896,1467
896,1449
896,1642
896,1398
896,1064
896,1643
896,1367
896,1639
896,119
897,1293
897,1191
897,1500
897,1612
897,1398
897,1467
897,1642
897,1294
897,1449
897,1643
898,1500
898,1629
898,1467
898,1293
898,851
898,1398
898,1189
898,868
898,867
898,1642
899,1463
899,1293
899,1612
899,1367
899,1642
899,1500
899,1467
899,1449
899,1643
899,1617
900,1500
900,1463
900,1080
900,1191
900,1662
900,1293
900,868
900,1642
900,1398
900,1643
901,1293
901,1467
901,1367
901,1642
901,1500
901,1449
901,1639
901,1463
901,1612
901,1398
902,1500
902,1449
902,1629
902,1639
902,1398
902,1642
902,1524
902,1467
902,1367
902,1158
903,1500
903,1642
903,1449
903,1398
903,1064
903,1367
903,1467
903,1643
903,1368
903,1450
904,1463
904,1500
904,1398
904,1449
904,1467
904,1642
904,1175
904,1158
904,1293
904,1629
905,1500
905,1463
905,1449
905,1467
905,1550
905,851
905,1398
905,1293
905,1642
905,1064
906,851
906,1293
906,1642
906,1191
906,1449
906,1398
906,1064
906,1463
906,1467
906,1175
907,1500
907,1449
907,1467
907,1642
907,1398
907,1293
907,1080
907,1629
907,1656
907,169
908,1500
908,1367
908,1293
908,1463
908,1642
908,1646
908,1449
908,1612
908,1467
908,1368
909,1500
909,1450
909,1293
909,1550
909,1554
909,1306
909,1398
909,1449
909,1642
909,868
910,1500
910,1467
910,1449
910,1367
910,1398
910,1080
910,1064
910,1450
910,1642
910,1524
911,1389
911,1500
911,1367
911,1642
911,1467
911,1643
911,1449
911,1368
911,1639
911,1646
912,1367
912,1368
912,1642
912,1398
912,1449
912,1643
912,1524
912,1646
912,408
912,114
913,1500
913,1449
913,1398
913,1642
913,1367
913,1064
913,1643
913,1467
913,1368
913,1158
914,1500
914,1537
914,1398
914,992
914,868
914,1642
914,1396
914,1361
914,1449
914,1524
915,1467
915,1449
915,1500
915,1342
915,868
915,1189
915,1639
915,1064
915,1398
915,1396
916,1612
916,1463
916,1500
916,1293
916,1642
916,1367
916,1398
916,1449
916,1467
916,1368
917,1642
917,1175
917,1430
917,1449
917,626
917,1368
917,1125
917,1662
917,64
917,1643
918,1642
918,1398
918,1367
918,1449
918,1368
918,1662
918,1646
918,1080
918,1467
918,1629
919,1500
919,1449
919,1398
919,1467
919,1367
919,1293
919,1642
919,1639
919,1463
919,1629
920,1500
920,1629
920,1398
920,1541
920,851
920,1449
920,1642
920,1064
920,1158
920,1189
921,1500
921,1293
921,1656
921,1080
921,1463
921,1612
921,1449
921,1642
921,1398
921,1467
922,1080
922,1367
922,1463
922,1449
922,1500
922,1398
922,1467
922,114
922,1639
922,1524
923,1500
923,1463
923,1293
923,1449
923,851
923,1158
923,1642
923,1639
923,868
923,1080
924,1500
924,1467
924,1642
924,1449
924,1639
924,1398
924,1629
924,1643
924,1064
924,1367
925,1500
925,1463
925,1293
925,868
925,1612
925,1367
925,119
925,1189
925,1449
925,114
926,1500
926,868
926,1629
926,1642
926,119
926,1398
926,1189
926,1293
926,1342
926,1064
927,1293
927,1463
927,1500
927,1612
927,1398
927,1642
927,1643
927,1191
927,1449
927,1175
928,1500
928,1642
928,1449
928,1367
928,1080
928,1368
928,1189
928,1662
928,1396
928,1524
929,1463
929,1612
929,1643
929,1367
929,1368
929,1500
929,1467
929,1398
929,1642
929,1449
930,1642
930,1080
930,1449
930,1398
930,1639
930,1368
930,1293
930,1643
930,1396
930,1612
931,1293
931,1573
931,1449
931,1467
931,1642
931,1368
931,1398
931,1064
931,1189
931,1612
932,1463
932,1642
932,1500
932,1643
932,1233
932,1293
932,1612
932,1367
932,1368
932,1639
933,1500
933,1293
933,1612
933,1367
933,1642
933,1449
933,1398
933,1368
933,1643
933,1064
934,1500
934,1367
934,1643
934,1642
934,1398
934,1639
934,1368
934,114
934,1158
934,169
935,1293
935,1656
935,1191
935,1612
935,1463
935,1642
935,1398
935,1005
935,1175
935,851
936,1500
936,1449
936,851
936,1293
936,1642
936,1367
936,1398
936,1064
936,1467
936,1158
937,1573
937,1449
937,1550
937,1590
937,1588
937,1027
937,1500
937,1642
937,1556
937,1656
938,1500
938,851
938,1449
938,1080
938,1293
938,1398
938,1639
938,1064
938,1612
938,1642
939,1467
939,1080
939,1463
939,1629
939,1642
939,1449
939,1398
939,851
939,169
939,1233
940,1500
940,1293
940,1643
940,1449
940,1367
940,1463
940,1398
940,1368
940,1191
940,1612
941,1500
941,1398
941,1467
941,1639
941,1064
941,1449
941,1642
941,1463
941,1293
941,1396
942,1367
942,1500
942,1467
942,1398
942,1449
942,1642
942,1368
942,1080
942,1158
942,1639
943,1367
943,1080
943,1500
943,1233
943,1449
943,1467
943,1612
943,1293
943,1398
943,1643